-------New SIM
38  0
40  0
41  0
42  0
43  1
44  0
45  0
46  0
47  0
48  0
49  0
50  18
51  7
52  10
53  3
54  3
55  4
56  0
57  23
58  31
59  42
60  14
61  23
62  39
63  155
64  2
65  49
66  98
67  31
68  47
69  35
70  16
71  30
72  95
73  22
74  76
75  12
76  42
77  19
78  63
79  50
80  20
81  46
82  151
83  41
84  2
85  18
86  10
87  33
88  27
89  14
90  17
91  14
92  6
93  114
94  112
95  115
96  62
97  67
98  7
99  82
100  96
101  70
102  89
103  61
104  63
105  19
106  32
107  19
108  36
109  33
110  27
111  10
112  0
113  1
114  0
115  0
116  16
117  10
118  40
119  205
120  36
121  50
122  24
123  127
124  275
125  241
126  9
127  156
128  182
129  169
130  101
131  70
132  78
133  145
134  149
135  76
136  70
137  55
138  122
139  123
140  155
141  265
142  115
143  133
144  142
145  26
146  37
147  93
148  78
149  104
150  11
151  70
152  12
153  91
154  19
155  59
156  38
157  21
158  137
159  13
160  29
161  2
162  61
163  77
164  91
165  66
166  42
167  35
168  70
169  65
170  50
171  45
172  3
173  53
174  25
175  41
176  47
177  14
178  0
179  7
180  5
181  9
182  6
183  5
184  4
185  0
186  0
187  0
188  4
189  3
190  11
191  0
192  11
193  3
194  6
195  1
196  5
197  8
198  2
199  0
200  14
201  4
202  0
203  21
204  20
205  8
206  25
207  5
208  12
209  14
210  4
211  152
212  16
213  20
214  152
215  47
216  57
217  96
218  121
219  106
220  12
221  114
222  113
223  63
224  19
225  11
226  111
227  7
228  47
229  32
230  88
231  75
232  62
233  37
234  35
235  5
236  8
237  3
238  0
239  0
240  2
241  17
242  7
243  16
244  20
245  4
246  3
247  1
248  9
249  11
250  2
251  19
252  3
253  0
254  28
255  15
256  21
257  5
258  9
259  8
260  11
261  8
262  8
263  4
264  11
265  2
266  18
267  6
268  1
269  0
270  1
271  2
272  0
273  1
274  0
275  0
276  0
277  0
278  0
279  0
280  0
281  0
282  11
283  0
284  24
285  15
286  24
287  23
288  1
289  26
290  16
291  6
292  27
293  0
294  21
295  6
296  6
297  4
298  111
299  76
300  62
301  11
302  46
303  60
304  88
305  74
306  39
307  33
308  61
309  61
310  77
311  67
312  28
313  89
314  76
315  52
316  108
317  2
318  73
319  19
320  74
321  11
322  44
323  70
324  29
325  93
326  36
327  39
328  7
329  59
330  81
331  12
332  124
333  114
334  322
335  62
336  52
337  81
338  82
339  63
340  27
341  134
342  30
343  45
344  89
345  37
346  9
347  54
348  101
349  22
350  159
351  43
352  123
353  111
354  140
355  81
356  85
357  14
358  88
359  67
360  66
361  27
362  20
363  3
364  40
365  12
366  93
367  36
368  18
369  3
370  35
371  35
372  71
373  33
374  55
375  0
376  15
377  47
378  227
379  13
380  9
381  209
382  71
383  23
384  67
385  185
386  161
387  197
388  71
389  19
390  34
391  100
392  145
393  59
394  48
395  138
396  136
397  152
398  16
399  82
400  31
401  206
402  100
403  135
404  55
405  42
406  141
407  50
408  13
409  39
410  43
411  25
412  10
413  13
414  0
415  2
416  107
417  38
418  0
419  19
420  92
421  49
422  35
423  40
424  18
425  16
426  65
427  108
428  116
429  130
430  73
431  93
432  47
433  19
434  48
435  22
436  47
437  89
438  16
439  37
440  11
441  41
442  7
443  20
444  4
445  0
446  4
447  20
448  21
449  42
450  8
451  42
452  1
453  76
454  13
455  100
456  41
457  43
458  44
459  31
460  9
461  32
462  7
463  2
464  11
465  37
466  27
467  35
468  43
469  16
470  23
471  16
472  28
473  10
474  1
475  0
476  0
477  0
478  9
479  0
480  19
481  0
482  2
483  4
484  10
485  5
486  2
487  16
488  5
489  14
490  34
491  8
492  2
493  0
494  1
495  4
496  19
497  14
498  35
499  40
500  47
501  17
502  12
503  85
504  10
505  1
506  96
507  279
508  56
509  25
510  95
511  367
512  278
513  82
514  29
515  54
516  92
517  38
518  248
519  99
520  250
521  139
522  261
523  4
524  138
525  108
526  218
527  294
528  120
529  163
530  159
531  106
532  116
533  254
534  124
535  136
536  180
537  75
538  36
539  21
540  66
541  168
542  79
543  159
544  82
545  117
546  106
547  142
548  27
549  76
550  79
551  91
552  114
553  97
554  26
555  43
556  37
557  6
558  0
559  0
560  0
561  1
562  0
563  3
564  7
565  6
566  7
567  0
568  10
569  1
570  0
571  4
572  6
573  0
574  11
575  7
576  0
577  3
578  0
579  0
580  0
581  0
582  1
583  0
584  4
585  1
586  11
587  0
588  9
589  19
590  3
591  1
592  22
593  20
594  13
595  25
596  22
597  9
598  12
599  5
600  7
601  0
602  6
603  0
604  1
605  4
606  0
607  0
608  6
609  3
610  0
611  0
612  4
613  39
614  46
615  2
616  41
617  9
618  10
619  31
620  125
621  16
622  57
623  16
624  9
625  45
626  47
627  231
628  77
629  101
630  158
631  171
632  65
633  89
634  112
635  109
636  134
637  56
638  66
639  226
640  78
641  2
642  15
643  165
644  102
645  31
646  47
647  39
648  147
649  0
650  11
651  81
652  80
653  78
654  72
655  55
656  143
657  114
658  79
659  118
660  99
661  26
662  35
663  104
664  78
665  16
666  33
667  38
668  25
669  25
670  32
671  15
672  26
673  1
674  2
675  12
676  5
677  5
678  12
679  0
680  0
681  0
682  0
683  18
684  0
685  1
686  8
687  15
688  15
689  12
690  0
691  0
692  0
693  11
694  0
695  1
696  0
697  4
698  0
699  0
700  0
701  0
702  10
703  2
704  8
705  0
706  3
707  0
708  2
709  8
710  5
711  0
712  14
713  0
714  12
715  0
716  3
717  0
718  3
719  0
720  0
721  0
722  0
723  0
724  1
725  6
726  8
727  0
728  7
729  0
730  1
731  3
732  1
733  0
734  0
735  0
736  3
737  27
738  17
739  10
740  0
741  0
742  0
743  0
744  0
745  1
746  0
747  0
748  0
749  0
750  0
751  0
752  0
753  0
754  0
755  11
756  7
757  24
758  13
759  10
760  30
761  44
762  20
763  4
764  2
765  0
766  0
767  9
768  0
769  0
770  6
771  4
772  0
773  41
774  0
775  90
776  65
777  134
778  0
779  130
780  146
781  90
782  61
783  113
784  79
785  121
786  71
787  83
788  79
789  92
790  35
791  30
792  80
793  46
794  51
795  48
796  9
797  28
798  18
799  2
800  5
801  6
802  3
803  4
804  0
805  0
806  22
807  22
808  0
809  15
810  28
811  6
812  13
813  7
814  11
815  17
816  30
817  4
818  16
819  13
820  11
821  10
822  7
823  3
824  8
825  2
826  10
827  0
828  2
829  3
830  6
831  3
832  3
833  0
834  1
835  0
836  15
837  14
838  7
839  4
840  12
841  85
842  47
843  69
844  4
845  31
846  50
847  38
848  42
849  71
850  59
851  39
852  7
853  29
854  33
855  21
856  20
857  41
858  6
859  0
860  17
861  0
862  3
863  10
864  2
865  0
866  0
867  3
868  1
869  0
870  0
871  0
872  4
873  2
874  0
875  1
876  2
877  7
878  7
879  2
880  0
881  11
882  16
883  9
884  5
885  0
886  1
887  0
888  0
889  0
890  0
891  19
892  0
893  19
894  16
895  10
896  3
897  4
898  6
899  8
900  3
901  2
902  0
903  0
904  0
905  0
906  2
907  5
908  2
909  74
910  65
911  60
912  0
913  24
914  124
915  4
916  27
917  84
918  76
919  55
920  17
921  25
922  89
923  117
924  57
925  29
926  77
927  52
928  24
929  68
930  35
931  10
932  19
933  32
934  38
935  22
936  58
937  36
938  28
939  25
940  15
941  12
942  8
943  4
944  3
945  9
946  0
947  2
948  21
949  0
950  23
951  13
952  19
953  0
954  4
955  16
956  17
957  17
958  3
959  1
960  2
961  11
962  0
963  2
964  3
965  3
966  0
967  0
968  0
969  0
970  5
971  7
972  16
973  4
974  8
975  23
976  27
977  5
978  3
979  21
980  9
981  16
982  25
983  25
984  5
985  18
986  2
987  6
988  4
989  12
990  8
991  0
992  8
993  13
994  0
995  17
996  8
997  11
998  4
999  0
1000  0
1001  0
1002  1
1003  0
1004  16
1005  34
1006  22
1007  49
1008  24
1009  14
1010  25
1011  5
1012  30
1013  10
1014  6
1015  10
1016  11
1017  5
1018  4
1019  1
1020  5
1021  3
1022  8
1023  9
1024  75
1025  94
1026  53
1027  63
1028  87
1029  11
1030  69
1031  122
1032  173
1033  165
1034  197
1035  145
1036  149
1037  35
1038  27
1039  47
1040  97
1041  119
1042  30
1043  73
1044  100
1045  75
1046  66
1047  32
1048  46
1049  35
1050  70
1051  64
1052  21
1053  47
1054  21
1055  14
1056  20
1057  12
1058  6
1059  1
1060  3
1061  16
1062  1
1063  8
1064  33
1065  0
1066  21
1067  7
1068  34
1069  6
1070  28
1071  25
1072  22
1073  3
1074  17
1075  1
1076  1
1077  0
1078  2
1079  5
1080  0
1081  2
1082  9
1083  6
1084  15
1085  0
1086  30
1087  61
1088  61
1089  10
1090  13
1091  19
1092  19
1093  50
1094  37
1095  43
1096  12
1097  15
1098  34
1099  0
1100  15
1101  19
1102  16
1103  5
1104  31
1105  10
1106  8
1107  9
1108  8
1109  9
1110  1
1111  8
1112  34
1113  0
1114  3
1115  44
1116  7
1117  4
1118  41
1119  16
1120  38
1121  11
1122  18
1123  6
1124  12
1125  25
1126  4
1127  10
1128  17
1129  8
1130  15
1131  6
1132  4
1133  5
1134  5
1135  16
1136  5
1137  5
1138  4
1139  5
1140  0
1141  20
1142  0
1143  2
1144  12
1145  5
1146  24
1147  12
1148  0
1149  0
1150  2
1151  1
1152  5
1153  2
1154  4
1155  0
1156  0
1157  11
1158  10
1159  0
1160  2
1161  0
1162  2
1163  0
1164  2
1165  1
1166  1
1167  0
1168  3
1169  1
1170  7
1171  10
1172  8
1173  14
1174  14
1175  14
1176  12
1177  0
1178  3
1179  3
1180  20
1181  8
1182  2
1183  0
1184  19
1185  23
1186  27
1187  36
1188  43
1189  2
1190  33
1191  18
1192  14
1193  15
1194  7
1195  3
1196  8
1197  0
1198  18
1199  6
1200  5
1201  2
1202  1
1203  61
1204  124
1205  45
1206  42
1207  128
1208  178
1209  77
1210  22
1211  203
1212  85
1213  100
1214  33
1215  496
1216  212
1217  201
1218  93
1219  19
1220  186
1221  97
1222  195
1223  128
1224  41
1225  100
1226  595
1227  478
1228  173
1229  178
1230  441
1231  92
1232  161
1233  112
1234  114
1235  110
1236  19
1237  82
1238  75
1239  55
1240  150
1241  66
1242  137
1243  10
1244  15
1245  347
1246  45
1247  240
1248  246
1249  109
1250  230
1251  184
1252  240
1253  176
1254  231
1255  634
1256  50
1257  166
1258  60
1259  470
1260  123
1261  502
1262  413
1263  133
1264  103
1265  428
1266  172
1267  12
1268  83
1269  125
1270  484
1271  20
1272  562
1273  63
1274  224
1275  351
1276  352
1277  262
1278  95
1279  326
1280  262
1281  147
1282  221
1283  425
1284  233
1285  377
1286  355
1287  28
1288  11
1289  309
1290  72
1291  48
1292  259
1293  430
1294  456
1295  414
1296  382
1297  59
1298  376
1299  417
1300  404
1301  177
1302  236
1303  427
1304  384
1305  260
1306  269
1307  188
1308  243
1309  463
1310  225
1311  240
1312  49
1313  152
1314  114
1315  43
1316  140
1317  133
1318  323
1319  206
1320  82
1321  158
1322  58
1323  249
1324  14
1325  17
1326  207
1327  182
1328  160
1329  101
1330  65
1331  91
1332  125
1333  48
1334  28
1335  117
1336  5
1337  18
1338  65
1339  47
1340  128
1341  108
1342  69
1343  95
1344  68
1345  48
1346  76
1347  54
1348  60
1349  55
1350  58
1351  54
1352  51
1353  12
1354  42
1355  27
1356  33
1357  7
1358  1
1359  1
1360  0
1361  0
1362  6
1363  2
1364  2
1365  0
1366  7
1367  0
1368  0
1369  1
1370  0
1371  18
1372  28
1373  24
1374  7
1375  8
1376  15
1377  3
1378  0
1379  0
1380  0
1381  0
1382  0
1383  0
1384  33
1385  0
1386  15
1387  8
1388  18
1389  9
1390  23
1391  9
1392  14
1393  0
1394  2
1395  0
1396  0
1397  0
1398  0
1399  1
1400  4
1401  1
1402  0
1403  0
1404  0
1405  1
1406  0
1407  0
1408  0
1409  5
1410  17
1411  8
1412  6
1413  37
1414  97
1415  194
1416  23
1417  44
1418  126
1419  205
1420  0
1421  23
1422  153
1423  170
1424  124
1425  114
1426  135
1427  196
1428  53
1429  88
1430  153
1431  19
1432  4
1433  182
1434  47
1435  150
1436  61
1437  121
1438  140
1439  68
1440  112
1441  96
1442  16
1443  71
1444  96
1445  5
1446  62
1447  52
1448  26
1449  52
1450  29
1451  60
1452  62
1453  41
1454  50
1455  43
1456  42
1457  42
1458  29
1459  6
1460  32
1461  30
1462  33
1463  12
1464  2
1465  15
1466  0
1467  0
1468  0
1469  0
1470  0
1471  46
1472  38
1473  54
1474  86
1475  78
1476  28
1477  137
1478  28
1479  25
1480  182
1481  108
1482  30
1483  18
1484  4
1485  273
1486  135
1487  137
1488  72
1489  24
1490  60
1491  66
1492  69
1493  28
1494  71
1495  101
1496  233
1497  30
1498  65
1499  106
1500  121
1501  187
1502  73
1503  62
1504  36
1505  44
1506  92
1507  28
1508  49
1509  63
1510  83
1511  88
1512  106
1513  75
1514  22
1515  84
1516  60
1517  121
1518  40
1519  25
1520  104
1521  80
1522  133
1523  115
1524  69
1525  51
1526  34
1527  85
1528  32
1529  76
1530  59
1531  52
1532  70
1533  56
1534  44
1535  25
1536  19
1537  11
1538  12
1539  20
1540  4
1541  1
1542  7
1543  0
1544  42
1545  3
1546  0
1547  18
1548  17
1549  39
1550  4
1551  41
1552  18
1553  6
1554  24
1555  74
1556  36
1557  6
1558  45
1559  38
1560  4
1561  12
1562  8
1563  17
1564  8
1565  6
1566  1
1567  6
1568  0
1569  0
1570  1
1571  10
1572  59
1573  58
1574  23
1575  34
1576  38
1577  74
1578  68
1579  19
1580  9
1581  4
1582  42
1583  27
1584  13
1585  1
1586  19
1587  7
1588  6
1589  0
1590  0
1591  5
1592  0
1593  0
1594  6
1595  9
1596  8
1597  0
1598  0
1599  3
1600  1
1601  3
1602  5
1603  2
1604  0
1605  0
1606  0
1607  0
1608  0
1609  0
1610  0
1611  0
1612  0
1613  0
1614  20
1615  0
1616  55
1617  64
1618  49
1619  65
1620  81
1621  44
1622  14
1623  19
1624  24
1625  15
1626  15
1627  22
1628  6
1629  3
1630  0
1631  5
1632  2
1633  0
1634  0
1635  0
1636  0
1637  0
1638  63
1639  0
1640  0
1641  29
1642  0
1643  37
1644  25
1645  7
1646  8
1647  2
1648  2
1649  19
1650  0
1651  1
1652  0
1653  0
1654  0
1655  0
1656  11
1657  2
1658  0
1659  19
1660  6
1661  1
1662  2
1663  2
1664  11
1665  6
1666  0
1667  4
1668  71
1669  0
1670  3
1671  33
1672  55
1673  50
1674  60
1675  34
1676  13
1677  20
1678  23
1679  49
1680  33
1681  15
1682  1
1683  85
1684  26
1685  10
1686  9
1687  18
1688  1
1689  9
1690  21
1691  14
1692  30
1693  1
1694  39
1695  11
1696  16
1697  73
1698  48
1699  148
1700  13
1701  10
1702  91
1703  9
1704  58
1705  15
1706  31
1707  157
1708  37
1709  48
1710  75
1711  148
1712  115
1713  170
1714  86
1715  11
1716  29
1717  105
1718  63
1719  324
1720  123
1721  126
1722  237
1723  147
1724  23
1725  162
1726  7
1727  164
1728  150
1729  52
1730  75
1731  164
1732  24
1733  148
1734  83
1735  117
1736  99
1737  98
1738  68
1739  111
1740  69
1741  80
1742  27
1743  71
1744  27
1745  29
1746  21
1747  76
1748  15
1749  54
1750  10
1751  24
1752  0
1753  17
1754  5
1755  4
1756  20
1757  7
1758  4
1759  0
1760  60
1761  11
1762  14
1763  56
1764  43
1765  27
1766  32
1767  87
1768  38
1769  53
1770  5
1771  16
1772  5
1773  13
1774  37
1775  66
1776  39
1777  6
1778  18
1779  32
1780  12
1781  30
1782  4
1783  19
1784  44
1785  7
1786  1
1787  5
1788  4
1789  26
1790  11
1791  8
1792  17
1793  3
1794  9
1795  5
1796  14
1797  0
1798  0
1799  0
1800  0
1801  4
1802  30
1803  0
1804  40
1805  39
1806  14
1807  44
1808  19
1809  0
1810  7
1811  35
1812  0
1813  18
1814  5
1815  35
1816  11
1817  5
1818  20
1819  0
1820  0
1821  60
1822  14
1823  2
1824  0
1825  84
1826  68
1827  36
1828  53
1829  33
1830  17
1831  69
1832  36
1833  39
1834  28
1835  20
1836  27
1837  30
1838  3
1839  21
1840  1
1841  7
1842  22
1843  3
1844  2
1845  4
1846  7
1847  245
1848  245
1849  106
1850  272
1851  88
1852  90
1853  1
1854  170
1855  131
1856  76
1857  153
1858  97
1859  208
1860  41
1861  208
1862  52
1863  187
1864  117
1865  86
1866  57
1867  49
1868  93
1869  129
1870  70
1871  38
1872  10
1873  39
1874  80
1875  12
1876  25
1877  52
1878  16
1879  67
1880  20
1881  50
1882  44
1883  17
1884  8
1885  13
1886  31
1887  27
1888  13
1889  20
1890  10
1891  28
1892  5
1893  1
1894  18
1895  8
1896  8
1897  3
1898  27
1899  21
1900  19
1901  58
1902  23
1903  10
1904  76
1905  7
1906  0
1907  29
1908  2
1909  51
1910  46
1911  46
1912  26
1913  3
1914  64
1915  100
1916  167
1917  130
1918  247
1919  91
1920  29
1921  7
1922  43
1923  30
1924  172
1925  32
1926  241
1927  166
1928  178
1929  61
1930  155
1931  60
1932  161
1933  173
1934  156
1935  10
1936  30
1937  59
1938  291
1939  210
1940  39
1941  80
1942  141
1943  46
1944  158
1945  166
1946  100
1947  170
1948  55
1949  52
1950  83
1951  125
1952  93
1953  52
1954  31
1955  105
1956  80
1957  16
1958  84
1959  32
1960  4
1961  111
1962  7
1963  30
1964  106
1965  40
1966  55
1967  33
1968  76
1969  183
1970  36
1971  55
1972  182
1973  22
1974  79
1975  139
1976  171
1977  103
1978  103
1979  6
1980  10
1981  101
1982  84
1983  79
1984  54
1985  85
1986  74
1987  61
1988  82
1989  96
1990  61
1991  57
1992  60
1993  4
1994  24
1995  4
1996  6
1997  0
1998  0
2000  0
