-------New SIM
38  8
39  0
41  0
42  0
43  0
44  2
45  0
46  0
47  0
48  0
49  19
50  13
51  34
52  0
53  8
54  19
55  9
56  1
57  4
58  3
59  0
60  13
61  7
62  9
63  6
64  13
65  12
66  1
67  10
68  13
69  0
70  10
71  0
72  17
73  5
74  7
75  10
76  57
77  8
78  11
79  4
80  1
81  7
82  32
83  4
84  0
85  17
86  13
87  0
88  8
89  59
90  33
91  15
92  6
93  0
94  37
95  57
96  45
97  3
98  52
99  59
100  30
101  14
102  18
103  34
104  30
105  18
106  10
107  5
108  0
109  0
110  0
111  0
112  0
113  0
114  10
115  0
116  40
117  1
118  74
119  79
120  33
121  7
122  37
123  0
124  65
125  42
126  18
127  26
128  43
129  25
130  55
131  2
132  7
133  93
134  11
135  58
136  0
137  2
138  44
139  0
140  27
141  39
142  0
143  23
144  43
145  11
146  55
147  47
148  52
149  64
150  7
151  39
152  5
153  6
154  0
155  0
156  0
157  6
158  3
159  0
160  0
161  0
162  1
163  1
164  0
165  1
166  4
167  4
168  1
169  3
170  0
171  15
172  20
173  0
174  52
175  38
176  62
177  52
178  61
179  1
180  6
181  58
182  81
183  76
184  27
185  15
186  69
187  51
188  46
189  66
190  17
191  57
192  57
193  15
194  60
195  41
196  23
197  25
198  19
199  34
200  3
201  1
202  0
203  0
204  0
205  0
206  0
207  0
208  0
209  0
210  4
211  17
212  37
213  100
214  28
215  34
216  87
217  23
218  67
219  63
220  30
221  11
222  84
223  40
224  31
225  38
226  51
227  41
228  57
229  27
230  75
231  42
232  67
233  75
234  63
235  23
236  6
237  34
238  49
239  31
240  13
241  37
242  13
243  11
244  24
245  3
246  11
247  0
248  3
249  0
250  73
251  424
252  32
253  76
254  72
255  203
256  165
257  277
258  233
259  33
260  127
261  444
262  298
263  78
264  317
265  94
266  194
267  269
268  8
269  556
270  103
271  154
272  90
273  281
274  498
275  986
276  611
277  496
278  341
279  139
280  250
281  74
282  747
283  515
284  287
285  140
286  51
287  287
288  159
289  88
290  206
291  196
292  333
293  131
294  119
295  188
296  352
297  445
298  473
299  114
300  281
301  112
302  237
303  129
304  463
305  91
306  724
307  6
308  232
309  234
310  14
311  61
312  620
313  67
314  647
315  285
316  259
317  298
318  115
319  146
320  166
321  439
322  128
323  230
324  165
325  193
326  247
327  786
328  178
329  68
330  164
331  353
332  246
333  75
334  237
335  321
336  205
337  147
338  299
339  343
340  890
341  160
342  430
343  261
344  277
345  379
346  457
347  230
348  198
349  268
350  101
351  20
352  1040
353  122
354  44
355  653
356  673
357  210
358  638
359  85
360  169
361  173
362  104
363  405
364  575
365  275
366  125
367  199
368  254
369  77
370  457
371  287
372  443
373  263
374  275
375  235
376  741
377  180
378  150
379  605
380  304
381  665
382  230
383  416
384  446
385  283
386  208
387  427
388  975
389  460
390  107
391  629
392  221
393  250
394  781
395  174
396  810
397  266
398  439
399  406
400  207
401  255
402  369
403  102
404  185
405  71
406  47
407  405
408  38
409  332
410  178
411  439
412  190
413  532
414  422
415  192
416  323
417  346
418  201
419  321
420  371
421  658
422  400
423  316
424  815
425  33
426  190
427  164
428  145
429  261
430  590
431  608
432  52
433  285
434  146
435  391
436  421
437  529
438  560
439  874
440  490
441  154
442  341
443  413
444  361
445  731
446  575
447  296
448  272
449  457
450  230
451  320
452  426
453  61
454  118
455  38
456  219
457  295
458  384
459  375
460  180
461  133
462  271
463  218
464  17
465  228
466  481
467  628
468  199
469  28
470  276
471  161
472  416
473  380
474  209
475  176
476  492
477  309
478  287
479  198
480  476
481  203
482  122
483  117
484  173
485  388
486  253
487  175
488  52
489  222
490  48
491  151
492  327
493  228
494  163
495  305
496  269
497  285
498  292
499  53
500  24
501  237
502  116
503  187
504  221
505  187
506  157
507  151
508  226
509  59
510  87
511  82
512  69
513  205
514  167
515  27
516  48
517  112
518  7
519  42
520  117
521  94
522  62
523  35
524  25
525  22
526  30
527  1
528  3
529  9
530  0
531  4
532  0
533  34
534  7
535  4
536  27
537  13
538  47
539  5
540  9
541  0
542  15
543  12
544  8
545  15
546  8
547  7
548  0
549  1
550  9
551  8
552  3
553  0
554  0
555  0
556  0
557  0
558  1
559  0
560  0
561  10
562  0
563  43
564  12
565  29
566  28
567  94
568  8
569  174
570  70
571  45
572  17
573  43
574  37
575  8
576  24
577  61
578  102
579  20
580  24
581  39
582  106
583  32
584  47
585  0
586  38
587  8
588  172
589  75
590  48
591  86
592  208
593  201
594  261
595  70
596  128
597  211
598  156
599  109
600  91
601  75
602  301
603  183
604  145
605  19
606  201
607  216
608  105
609  55
610  297
611  218
612  152
613  288
614  116
615  68
616  131
617  248
618  104
619  256
620  90
621  191
622  232
623  258
624  0
625  43
626  131
627  126
628  127
629  130
630  251
631  52
632  42
633  72
634  241
635  32
636  92
637  245
638  344
639  12
640  221
641  234
642  164
643  56
644  167
645  210
646  215
647  97
648  175
649  133
650  144
651  40
652  255
653  181
654  19
655  229
656  240
657  106
658  208
659  232
660  145
661  80
662  87
663  104
664  84
665  49
666  122
667  92
668  77
669  115
670  43
671  81
672  85
673  51
674  46
675  81
676  62
677  28
678  44
679  6
680  29
681  24
682  13
683  15
684  1
685  3
686  13
687  7
688  9
689  10
690  154
691  48
692  5
693  118
694  15
695  38
696  140
697  0
698  87
699  114
700  61
701  41
702  126
703  104
704  48
705  29
706  134
707  105
708  53
709  126
710  147
711  77
712  79
713  16
714  79
715  80
716  60
717  50
718  56
719  37
720  13
721  4
722  9
723  20
724  39
725  15
726  14
727  15
728  30
729  28
730  10
731  23
732  15
733  6
734  22
735  13
736  3
737  5
738  2
739  0
740  0
741  18
742  35
743  19
744  5
745  9
746  43
747  23
748  21
749  49
750  24
751  22
752  125
753  11
754  142
755  9
756  54
757  30
758  0
759  126
760  9
761  62
762  87
763  71
764  53
765  52
766  62
767  76
768  2
769  40
770  31
771  44
772  29
773  22
774  26
775  20
776  5
777  6
778  14
779  7
780  1
781  0
782  2
783  0
784  0
785  0
786  0
787  0
788  0
789  29
790  26
791  26
792  51
793  8
794  22
795  27
796  39
797  35
798  8
799  6
800  34
801  1
802  25
803  40
804  7
805  62
806  4
807  20
808  6
809  36
810  56
811  10
812  39
813  7
814  3
815  0
816  0
817  0
818  0
819  0
820  0
821  0
822  0
823  54
824  23
825  34
826  14
827  7
828  2
829  35
830  35
831  37
832  26
833  16
834  1
835  2
836  0
837  0
838  0
839  7
840  1
841  0
842  2
843  1
844  0
845  2
846  2
847  7
848  13
849  18
850  60
851  22
852  6
853  45
854  23
855  35
856  14
857  9
858  11
859  15
860  7
861  6
862  5
863  12
864  14
865  0
866  0
867  6
868  10
869  17
870  5
871  9
872  1
873  0
874  0
875  1
876  16
877  0
878  2
879  0
880  0
881  0
882  4
883  57
884  0
885  0
886  51
887  54
888  24
889  25
890  10
891  49
892  30
893  44
894  4
895  0
896  0
897  18
898  0
899  12
900  27
901  14
902  1
903  12
904  23
905  18
906  10
907  33
908  11
909  14
910  13
911  3
912  15
913  31
914  19
915  18
916  7
917  19
918  9
919  0
920  0
921  0
922  7
923  1
924  6
925  0
926  0
927  0
928  0
929  0
930  0
931  0
932  0
933  0
934  0
935  0
936  0
937  0
938  4
939  0
940  0
941  0
942  6
943  7
944  0
945  3
946  2
947  17
948  0
949  8
950  0
951  0
952  0
953  1
954  11
955  0
956  1
957  0
958  9
959  3
960  4
961  0
962  0
963  0
964  0
965  0
966  0
967  68
968  46
969  22
970  4
971  23
972  36
973  31
974  23
975  75
976  10
977  81
978  32
979  35
980  32
981  97
982  17
983  28
984  4
985  53
986  62
987  19
988  4
989  42
990  70
991  19
992  28
993  26
994  62
995  93
996  44
997  52
998  72
999  22
1000  11
1001  60
1002  4
1003  16
1004  13
1005  12
1006  12
1007  9
1008  7
1009  0
1010  0
1011  0
1012  3
1013  0
1014  0
1015  2
1016  2
1017  0
1018  7
1019  3
1020  0
1021  0
1022  0
1023  0
1024  1
1025  0
1026  0
1027  13
1028  19
1029  21
1030  2
1031  16
1032  1
1033  23
1034  98
1035  34
1036  17
1037  9
1038  4
1039  0
1040  3
1041  14
1042  102
1043  9
1044  47
1045  55
1046  57
1047  11
1048  26
1049  33
1050  9
1051  85
1052  90
1053  5
1054  58
1055  56
1056  11
1057  56
1058  28
1059  60
1060  39
1061  39
1062  44
1063  44
1064  25
1065  24
1066  27
1067  17
1068  25
1069  10
1070  22
1071  0
1072  0
1073  0
1074  3
1075  12
1076  2
1077  18
1078  0
1079  8
1080  3
1081  17
1082  15
1083  5
1084  1
1085  117
1086  2
1087  77
1088  51
1089  0
1090  97
1091  39
1092  96
1093  0
1094  18
1095  62
1096  83
1097  66
1098  14
1099  87
1100  118
1101  93
1102  181
1103  2
1104  37
1105  101
1106  58
1107  65
1108  88
1109  42
1110  88
1111  54
1112  56
1113  46
1114  23
1115  122
1116  69
1117  56
1118  17
1119  17
1120  84
1121  17
1122  30
1123  70
1124  49
1125  56
1126  46
1127  84
1128  65
1129  18
1130  54
1131  69
1132  14
1133  7
1134  34
1135  6
1136  17
1137  20
1138  9
1139  11
1140  5
1141  2
1142  5
1143  11
1144  9
1145  2
1146  16
1147  7
1148  0
1149  0
1150  7
1151  7
1152  11
1153  9
1154  2
1155  37
1156  41
1157  0
1158  50
1159  22
1160  47
1161  22
1162  34
1163  55
1164  56
1165  26
1166  32
1167  25
1168  32
1169  13
1170  41
1171  19
1172  27
1173  22
1174  8
1175  6
1176  26
1177  27
1178  14
1179  3
1180  33
1181  6
1182  2
1183  14
1184  3
1185  7
1186  2
1187  4
1188  3
1189  1
1190  0
1191  0
1192  0
1193  210
1194  225
1195  214
1196  85
1197  128
1198  16
1199  218
1200  206
1201  190
1202  245
1203  37
1204  65
1205  231
1206  89
1207  171
1208  1
1209  33
1210  162
1211  17
1212  144
1213  31
1214  110
1215  127
1216  84
1217  17
1218  70
1219  94
1220  53
1221  59
1222  72
1223  50
1224  4
1225  43
1226  19
1227  25
1228  27
1229  6
1230  11
1231  17
1232  17
1233  6
1234  14
1235  7
1236  7
1237  0
1238  0
1239  2
1240  3
1241  3
1242  0
1243  39
1244  69
1245  0
1246  47
1247  92
1248  11
1249  115
1250  58
1251  41
1252  51
1253  79
1254  8
1255  58
1256  19
1257  69
1258  73
1259  47
1260  93
1261  17
1262  18
1263  35
1264  21
1265  15
1266  13
1267  18
1268  4
1269  13
1270  12
1271  23
1272  7
1273  11
1274  14
1275  1
1276  4
1277  4
1278  23
1279  1
1280  0
1281  1
1282  9
1283  1
1284  0
1285  0
1286  0
1287  3
1288  11
1289  5
1290  0
1291  29
1292  1
1293  1
1294  7
1295  1
1296  5
1297  26
1298  0
1299  0
1300  9
1301  29
1302  16
1303  11
1304  22
1305  44
1306  24
1307  1
1308  1
1309  0
1310  8
1311  6
1312  6
1313  1
1314  10
1315  6
1316  1
1317  2
1318  0
1319  1
1320  1
1321  0
1322  6
1323  12
1324  0
1325  0
1326  0
1327  3
1328  0
1329  0
1330  0
1331  1
1332  0
1333  0
1334  0
1335  0
1336  15
1337  42
1338  1
1339  18
1340  43
1341  22
1342  27
1343  25
1344  3
1345  27
1346  8
1347  0
1348  4
1349  10
1350  7
1351  11
1352  15
1353  9
1354  2
1355  2
1356  7
1357  3
1358  3
1359  0
1360  0
1361  9
1362  12
1363  12
1364  65
1365  18
1366  44
1367  48
1368  40
1369  48
1370  11
1371  19
1372  6
1373  7
1374  49
1375  24
1376  42
1377  1
1378  1
1379  6
1380  16
1381  2
1382  4
1383  24
1384  29
1385  1
1386  8
1387  0
1388  0
1389  31
1390  5
1391  1
1392  21
1393  18
1394  17
1395  7
1396  0
1397  0
1398  13
1399  13
1400  11
1401  7
1402  1
1403  12
1404  28
1405  2
1406  6
1407  1
1408  0
1409  2
1410  0
1411  0
1412  9
1413  0
1414  0
1415  0
1416  0
1417  0
1418  0
1419  0
1420  0
1421  0
1422  14
1423  0
1424  0
1425  0
1426  5
1427  4
1428  19
1429  0
1430  2
1431  0
1432  3
1433  0
1434  4
1435  12
1436  2
1437  0
1438  1
1439  9
1440  6
1441  19
1442  8
1443  8
1444  0
1445  7
1446  14
1447  2
1448  1
1449  19
1450  8
1451  0
1452  3
1453  4
1454  0
1455  0
1456  0
1457  4
1458  0
1459  21
1460  25
1461  10
1462  0
1463  7
1464  4
1465  12
1466  31
1467  1
1468  0
1469  28
1470  4
1471  0
1472  22
1473  38
1474  81
1475  5
1476  9
1477  16
1478  48
1479  74
1480  1
1481  35
1482  27
1483  249
1484  20
1485  48
1486  174
1487  20
1488  38
1489  43
1490  187
1491  31
1492  37
1493  161
1494  205
1495  4
1496  15
1497  184
1498  38
1499  92
1500  149
1501  162
1502  133
1503  81
1504  92
1505  31
1506  130
1507  83
1508  83
1509  69
1510  73
1511  55
1512  103
1513  33
1514  30
1515  59
1516  14
1517  30
1518  51
1519  19
1520  12
1521  46
1522  26
1523  18
1524  9
1525  15
1526  9
1527  23
1528  17
1529  4
1530  3
1531  0
1532  0
1533  0
1534  0
1535  0
1536  0
1537  0
1538  0
1539  0
1540  0
1541  1
1542  0
1543  4
1544  0
1545  0
1546  0
1547  9
1548  0
1549  0
1550  58
1551  28
1552  9
1553  39
1554  29
1555  41
1556  19
1557  6
1558  23
1559  28
1560  5
1561  0
1562  4
1563  10
1564  0
1565  8
1566  0
1567  5
1568  0
1569  8
1570  1
1571  0
1572  1
1573  0
1574  1
1575  0
1576  0
1577  0
1578  0
1579  0
1580  0
1581  0
1582  0
1583  0
1584  0
1585  3
1586  3
1587  1
1588  0
1589  7
1590  0
1591  32
1592  1
1593  12
1594  15
1595  17
1596  33
1597  38
1598  67
1599  59
1600  89
1601  13
1602  22
1603  69
1604  31
1605  6
1606  45
1607  6
1608  13
1609  25
1610  42
1611  143
1612  29
1613  89
1614  33
1615  82
1616  7
1617  17
1618  34
1619  49
1620  80
1621  95
1622  18
1623  57
1624  73
1625  28
1626  70
1627  75
1628  45
1629  20
1630  13
1631  0
1632  0
1633  34
1634  9
1635  0
1636  18
1637  34
1638  59
1639  94
1640  18
1641  11
1642  12
1643  0
1644  53
1645  41
1646  27
1647  29
1648  33
1649  56
1650  13
1651  122
1652  15
1653  138
1654  40
1655  62
1656  81
1657  67
1658  57
1659  107
1660  63
1661  69
1662  17
1663  257
1664  47
1665  5
1666  112
1667  133
1668  76
1669  72
1670  51
1671  74
1672  97
1673  140
1674  15
1675  51
1676  24
1677  117
1678  64
1679  6
1680  192
1681  103
1682  74
1683  161
1684  63
1685  137
1686  106
1687  79
1688  24
1689  188
1690  51
1691  109
1692  91
1693  16
1694  96
1695  115
1696  90
1697  54
1698  18
1699  27
1700  10
1701  64
1702  91
1703  22
1704  62
1705  4
1706  64
1707  27
1708  2
1709  23
1710  34
1711  53
1712  51
1713  59
1714  36
1715  20
1716  4
1717  19
1718  0
1719  3
1720  6
1721  3
1722  35
1723  14
1724  17
1725  11
1726  41
1727  7
1728  17
1729  7
1730  0
1731  0
1732  6
1733  4
1734  4
1735  2
1736  14
1737  5
1738  3
1739  0
1740  0
1741  0
1742  0
1743  0
1744  0
1745  0
1746  0
1747  0
1748  14
1749  2
1750  0
1751  10
1752  12
1753  7
1754  3
1755  3
1756  21
1757  29
1758  31
1759  25
1760  29
1761  28
1762  16
1763  13
1764  13
1765  0
1766  0
1767  0
1768  0
1769  0
1770  0
1771  0
1772  0
1773  184
1774  88
1775  0
1776  137
1777  148
1778  75
1779  0
1780  161
1781  161
1782  180
1783  175
1784  6
1785  113
1786  246
1787  53
1788  37
1789  63
1790  122
1791  74
1792  133
1793  113
1794  117
1795  161
1796  201
1797  3
1798  223
1799  53
1800  210
1801  125
1802  237
1803  175
1804  92
1805  12
1806  36
1807  73
1808  72
1809  16
1810  50
1811  154
1812  165
1813  24
1814  13
1815  83
1816  16
1817  5
1818  93
1819  80
1820  8
1821  11
1822  63
1823  64
1824  47
1825  42
1826  50
1827  7
1828  59
1829  47
1830  90
1831  20
1832  50
1833  21
1834  82
1835  77
1836  23
1837  62
1838  41
1839  7
1840  42
1841  56
1842  9
1843  18
1844  51
1845  29
1846  31
1847  4
1848  30
1849  7
1850  16
1851  11
1852  0
1853  21
1854  26
1855  35
1856  16
1857  6
1858  0
1859  12
1860  0
1861  0
1862  22
1863  5
1864  1
1865  7
1866  1
1867  15
1868  2
1869  0
1870  83
1871  114
1872  44
1873  17
1874  18
1875  74
1876  58
1877  71
1878  80
1879  57
1880  67
1881  78
1882  85
1883  39
1884  2
1885  32
1886  42
1887  15
1888  5
1889  6
1890  5
1891  0
1892  3
1893  7
1894  0
1895  0
1896  0
1897  0
1898  1
1899  0
1900  0
1901  0
1902  1
1903  8
1904  59
1905  19
1906  82
1907  26
1908  85
1909  40
1910  50
1911  25
1912  30
1913  32
1914  1
1915  47
1916  81
1917  47
1918  30
1919  27
1920  3
1921  18
1922  35
1923  10
1924  4
1925  4
1926  0
1927  0
1928  7
1929  3
1930  0
1931  2
1932  8
1933  13
1934  1
1935  0
1936  9
1937  0
1938  7
1939  25
1940  1
1941  8
1942  0
1943  0
1944  0
1945  0
1946  3
1947  6
1948  0
1949  0
1950  0
1951  0
1952  0
1953  14
1954  20
1955  3
1956  0
1957  28
1958  41
1959  21
1960  3
1961  5
1962  18
1963  66
1964  66
1965  75
1966  19
1967  15
1968  22
1969  28
1970  67
1971  32
1972  67
1973  54
1974  33
1975  14
1976  37
1977  0
1978  71
1979  31
1980  93
1981  4
1982  24
1983  34
1984  72
1985  26
1986  53
1987  59
1988  38
1989  50
1990  3
1991  54
1992  15
1993  22
1994  19
1995  2
1996  6
1997  1
1998  4
1999  4
