-------New SIM
30  130
33  84
34  56
36  74
42  38
43  23
44  33
45  33
47  16
48  8
49  18
50  17
51  0
52  9
53  13
54  8
55  6
56  9
57  14
58  6
59  1
60  0
61  17
62  0
63  22
64  30
65  12
66  35
67  22
68  91
69  101
70  20
71  80
72  5
73  102
74  95
75  104
76  16
77  64
78  46
79  57
80  59
81  44
82  42
83  41
84  47
85  21
86  0
87  0
88  1
89  0
90  0
91  0
92  0
93  0
94  0
95  0
96  0
97  22
98  9
99  0
100  21
101  16
102  3
103  3
104  0
105  0
106  1
107  0
108  1
109  5
110  3
111  2
112  0
113  0
114  1
115  0
116  3
117  3
118  11
119  24
120  20
121  4
122  0
123  4
124  6
125  5
126  3
127  0
128  0
129  0
130  46
131  0
132  18
133  23
134  61
135  32
136  50
137  1
138  8
139  25
140  4
141  0
142  2
143  0
144  0
145  9
146  0
147  0
148  0
149  1
150  0
151  0
152  33
153  0
154  1
155  3
156  20
157  13
158  0
159  20
160  99
161  10
162  25
163  22
164  0
165  26
166  0
167  7
168  55
169  7
170  2
171  14
172  43
173  10
174  36
175  73
176  48
177  47
178  56
179  21
180  33
181  3
182  1
183  27
184  20
185  37
186  55
187  4
188  20
189  0
190  4
191  12
192  19
193  38
194  1
195  73
196  59
197  4
198  14
199  26
200  27
201  27
202  20
203  29
204  11
205  21
206  14
207  48
208  20
209  17
210  13
211  285
212  48
213  32
214  26
215  122
216  10
217  279
218  94
219  20
220  11
221  74
222  186
223  153
224  95
225  188
226  187
227  51
228  43
229  33
230  71
231  197
232  279
233  60
234  142
235  223
236  190
237  74
238  77
239  25
240  114
241  134
242  177
243  116
244  193
245  170
246  75
247  143
248  199
249  151
250  109
251  177
252  152
253  134
254  157
255  103
256  105
257  95
258  83
259  124
260  81
261  90
262  81
263  61
264  81
265  58
266  0
267  84
268  41
269  19
270  0
271  29
272  0
273  30
274  4
275  20
276  30
277  77
278  56
279  336
280  391
281  11
282  208
283  158
284  10
285  240
286  23
287  9
288  38
289  14
290  261
291  308
292  68
293  170
294  118
295  138
296  154
297  168
298  240
299  163
300  306
301  99
302  212
303  335
304  209
305  37
306  114
307  130
308  256
309  236
310  100
311  288
312  72
313  138
314  149
315  142
316  161
317  156
318  112
319  106
320  106
321  139
322  120
323  141
324  41
325  101
326  146
327  77
328  49
329  73
330  42
331  46
332  34
333  47
334  36
335  114
336  65
337  106
338  18
339  36
340  62
341  5
342  9
343  81
344  22
345  61
346  21
347  20
348  8
349  33
350  42
351  3
352  43
353  41
354  36
355  0
356  28
357  29
358  6
359  49
360  16
361  4
362  4
363  16
364  11
365  13
366  7
367  1
368  1
369  0
370  0
371  0
372  0
373  12
374  0
375  8
376  12
377  0
378  1
379  6
380  4
381  0
382  15
383  2
384  16
385  21
386  12
387  29
388  5
389  5
390  38
391  54
392  133
393  49
394  20
395  3
396  26
397  12
398  24
399  0
400  88
401  36
402  6
403  79
404  38
405  143
406  131
407  99
408  13
409  123
410  96
411  136
412  30
413  43
414  37
415  93
416  88
417  13
418  85
419  74
420  65
421  27
422  66
423  50
424  44
425  53
426  9
427  11
428  17
429  31
430  20
431  4
432  1
433  21
434  30
435  8
436  0
437  0
438  0
439  0
440  0
441  0
442  12
443  0
444  2
445  0
446  0
447  1
448  0
449  0
450  0
451  6
452  0
453  2
454  0
455  2
456  0
457  10
458  1
459  25
460  21
461  41
462  20
463  19
464  25
465  40
466  34
467  14
468  19
469  0
470  1
471  8
472  3
473  0
474  0
475  0
476  0
477  0
478  0
479  70
480  0
481  0
482  44
483  284
484  43
485  69
486  77
487  48
488  6
489  17
490  39
491  38
492  58
493  98
494  198
495  133
496  225
497  96
498  22
499  138
500  141
501  14
502  159
503  69
504  200
505  70
506  60
507  122
508  117
509  89
510  85
511  111
512  136
513  175
514  64
515  142
516  31
517  37
518  101
519  34
520  123
521  16
522  114
523  100
524  58
525  73
526  89
527  140
528  51
529  54
530  85
531  32
532  20
533  129
534  96
535  103
536  35
537  33
538  15
539  78
540  7
541  24
542  150
543  85
544  97
545  15
546  132
547  12
548  210
549  85
550  69
551  146
552  24
553  183
554  59
555  62
556  9
557  46
558  106
559  45
560  84
561  37
562  50
563  43
564  36
565  99
566  12
567  49
568  59
569  37
570  5
571  3
572  55
573  78
574  96
575  78
576  123
577  3
578  78
579  126
580  41
581  39
582  52
583  49
584  20
585  56
586  85
587  34
588  53
589  13
590  28
591  64
592  18
593  29
594  65
595  29
596  18
597  16
598  4
599  1
600  3
601  24
602  34
603  13
604  103
605  57
606  112
607  39
608  0
609  6
610  59
611  71
612  122
613  152
614  56
615  69
616  101
617  83
618  94
619  72
620  66
621  124
622  63
623  57
624  88
625  59
626  110
627  99
628  81
629  72
630  62
631  77
632  32
633  54
634  58
635  13
636  13
637  12
638  0
639  0
640  0
641  2
642  7
643  6
644  5
645  0
646  0
647  0
648  0
649  0
650  0
651  0
652  0
653  0
654  0
655  0
656  0
657  0
658  0
659  0
660  0
661  0
662  0
663  0
664  0
665  0
666  0
667  0
668  0
669  0
670  0
671  0
672  0
673  0
674  52
675  27
676  48
677  57
678  48
679  45
680  14
681  34
682  57
683  50
684  10
685  33
686  8
687  21
688  58
689  16
690  2
691  46
692  0
693  0
694  54
695  35
696  56
697  59
698  42
699  33
700  18
701  47
702  15
703  14
704  12
705  0
706  14
707  21
708  28
709  48
710  6
711  1
712  30
713  61
714  61
715  34
716  52
717  24
718  19
719  3
720  13
721  22
722  0
723  18
724  0
725  0
726  2
727  0
728  0
729  4
730  18
731  3
732  2
733  3
734  0
735  14
736  2
737  22
738  9
739  12
740  23
741  5
742  30
743  2
744  12
745  18
746  27
747  22
748  4
749  3
750  7
751  13
752  1
753  0
754  10
755  2
756  75
757  3
758  58
759  6
760  9
761  52
762  46
763  5
764  42
765  19
766  56
767  10
768  32
769  13
770  19
771  29
772  25
773  0
774  0
775  2
776  3
777  2
778  5
779  0
780  2
781  10
782  10
783  15
784  1
785  1
786  38
787  106
788  0
789  81
790  14
791  49
792  71
793  59
794  69
795  62
796  88
797  62
798  39
799  26
800  55
801  52
802  34
803  51
804  36
805  53
806  29
807  37
808  15
809  3
810  24
811  24
812  0
813  0
814  51
815  4
816  0
817  25
818  27
819  18
820  51
821  31
822  29
823  39
824  37
825  38
826  55
827  10
828  6
829  2
830  36
831  2
832  47
833  11
834  26
835  21
836  47
837  33
838  73
839  2
840  39
841  39
842  21
843  14
844  26
845  32
846  10
847  24
848  30
849  12
850  37
851  5
852  11
853  5
854  12
855  11
856  6
857  4
858  1
859  0
860  0
861  0
862  1
863  0
864  0
865  0
866  1
867  0
868  0
869  0
870  14
871  15
872  4
873  0
874  2
875  0
876  0
877  21
878  53
879  58
880  11
881  100
882  28
883  35
884  59
885  27
886  32
887  69
888  11
889  86
890  31
891  29
892  33
893  85
894  50
895  65
896  72
897  117
898  28
899  1
900  64
901  64
902  78
903  95
904  22
905  39
906  65
907  72
908  38
909  65
910  61
911  20
912  15
913  5
914  0
915  1
916  0
917  0
918  31
919  0
920  23
921  4
922  6
923  3
924  3
925  30
926  7
927  16
928  0
929  74
930  0
931  56
932  113
933  19
934  100
935  123
936  25
937  31
938  98
939  54
940  58
941  58
942  18
943  91
944  55
945  63
946  62
947  70
948  44
949  26
950  36
951  10
952  21
953  14
954  0
955  17
956  2
957  12
958  26
959  3
960  5
961  39
962  9
963  11
964  1
965  35
966  11
967  32
968  9
969  23
970  39
971  7
972  41
973  22
974  33
975  30
976  5
977  16
978  0
979  0
980  0
981  0
982  22
983  25
984  13
985  0
986  4
987  2
988  14
989  17
990  18
991  4
992  0
993  2
994  0
995  0
996  0
997  1
998  0
999  21
1000  23
1001  0
1002  31
1003  4
1004  14
1005  5
1006  5
1007  32
1008  13
1009  0
1010  5
1011  2
1012  63
1013  105
1014  70
1015  17
1016  117
1017  85
1018  57
1019  75
1020  61
1021  45
1022  49
1023  46
1024  52
1025  68
1026  53
1027  35
1028  11
1029  11
1030  41
1031  18
1032  3
1033  34
1034  4
1035  24
1036  41
1037  9
1038  15
1039  26
1040  31
1041  9
1042  7
1043  0
1044  26
1045  35
1046  32
1047  5
1048  25
1049  56
1050  29
1051  89
1052  85
1053  77
1054  34
1055  94
1056  19
1057  79
1058  148
1059  28
1060  46
1061  26
1062  214
1063  41
1064  25
1065  25
1066  0
1067  49
1068  162
1069  8
1070  84
1071  78
1072  22
1073  41
1074  96
1075  63
1076  143
1077  18
1078  0
1079  29
1080  239
1081  173
1082  179
1083  27
1084  91
1085  132
1086  70
1087  54
1088  117
1089  45
1090  139
1091  58
1092  165
1093  167
1094  59
1095  22
1096  124
1097  44
1098  92
1099  15
1100  96
1101  13
1102  39
1103  51
1104  13
1105  41
1106  19
1107  49
1108  9
1109  17
1110  0
1111  10
1112  0
1113  0
1114  5
1115  0
1116  0
1117  3
1118  0
1119  4
1120  2
1121  10
1122  0
1123  24
1124  50
1125  26
1126  57
1127  55
1128  1
1129  38
1130  6
1131  46
1132  7
1133  66
1134  33
1135  152
1136  56
1137  105
1138  118
1139  42
1140  117
1141  102
1142  26
1143  80
1144  81
1145  1
1146  12
1147  18
1148  70
1149  77
1150  33
1151  4
1152  43
1153  78
1154  33
1155  6
1156  18
1157  21
1158  0
1159  0
1160  0
1161  1
1162  0
1163  0
1164  0
1165  0
1166  1
1167  16
1168  0
1169  14
1170  3
1171  12
1172  1
1173  0
1174  4
1175  1
1176  9
1177  0
1178  21
1179  34
1180  11
1181  0
1182  17
1183  23
1184  21
1185  1
1186  0
1187  0
1188  0
1189  1
1190  0
1191  34
1192  14
1193  3
1194  10
1195  13
1196  15
1197  15
1198  0
1199  0
1200  0
1201  0
1202  2
1203  36
1204  20
1205  12
1206  11
1207  22
1208  40
1209  10
1210  20
1211  20
1212  12
1213  2
1214  0
1215  0
1216  0
1217  0
1218  0
1219  0
1220  3
1221  49
1222  1
1223  21
1224  2
1225  0
1226  36
1227  5
1228  30
1229  46
1230  6
1231  24
1232  29
1233  37
1234  24
1235  2
1236  4
1237  4
1238  0
1239  0
1240  0
1241  0
1242  0
1243  0
1244  0
1245  0
1246  0
1247  1
1248  0
1249  0
1250  0
1251  0
1252  0
1253  12
1254  39
1255  31
1256  26
1257  28
1258  34
1259  28
1260  22
1261  22
1262  15
1263  9
1264  0
1265  12
1266  0
1267  26
1268  108
1269  56
1270  56
1271  66
1272  15
1273  98
1274  88
1275  34
1276  6
1277  140
1278  99
1279  31
1280  122
1281  64
1282  75
1283  35
1284  57
1285  56
1286  21
1287  26
1288  15
1289  42
1290  32
1291  34
1292  6
1293  22
1294  1
1295  2
1296  0
1297  16
1298  27
1299  18
1300  19
1301  14
1302  15
1303  10
1304  0
1305  17
1306  2
1307  4
1308  0
1309  0
1310  0
1311  0
1312  15
1313  15
1314  1
1315  0
1316  0
1317  13
1318  10
1319  10
1320  0
1321  1
1322  0
1323  2
1324  13
1325  19
1326  7
1327  67
1328  3
1329  0
1330  34
1331  1
1332  47
1333  8
1334  51
1335  7
1336  40
1337  3
1338  1
1339  8
1340  0
1341  0
1342  0
1343  0
1344  0
1345  0
1346  0
1347  108
1348  105
1349  114
1350  112
1351  125
1352  88
1353  42
1354  30
1355  45
1356  17
1357  33
1358  67
1359  48
1360  99
1361  108
1362  79
1363  79
1364  27
1365  42
1366  43
1367  60
1368  0
1369  32
1370  29
1371  54
1372  48
1373  21
1374  22
1375  0
1376  0
1377  1
1378  0
1379  2
1380  2
1381  0
1382  0
1383  0
1384  1
1385  0
1386  0
1387  0
1388  38
1389  1
1390  82
1391  31
1392  26
1393  62
1394  66
1395  47
1396  67
1397  18
1398  56
1399  29
1400  73
1401  36
1402  21
1403  15
1404  10
1405  15
1406  33
1407  0
1408  23
1409  18
1410  17
1411  10
1412  23
1413  0
1414  3
1415  0
1416  0
1417  1
1418  4
1419  0
1420  0
1421  2
1422  0
1423  0
1424  0
1425  0
1426  0
1427  6
1428  0
1429  0
1430  19
1431  7
1432  3
1433  23
1434  2
1435  24
1436  13
1437  2
1438  14
1439  9
1440  25
1441  0
1442  35
1443  22
1444  21
1445  9
1446  7
1447  15
1448  0
1449  3
1450  1
1451  5
1452  8
1453  0
1454  0
1455  0
1456  11
1457  4
1458  1
1459  0
1460  0
1461  0
1462  0
1463  0
1464  0
1465  0
1466  0
1467  0
1468  0
1469  0
1470  0
1471  0
1472  0
1473  0
1474  1
1475  0
1476  0
1477  0
1478  111
1479  45
1480  132
1481  58
1482  36
1483  133
1484  40
1485  51
1486  57
1487  36
1488  100
1489  55
1490  4
1491  87
1492  23
1493  72
1494  48
1495  83
1496  14
1497  36
1498  23
1499  59
1500  70
1501  52
1502  23
1503  2
1504  33
1505  1
1506  0
1507  1
1508  1
1509  16
1510  22
1511  13
1512  13
1513  14
1514  20
1515  2
1516  0
1517  0
1518  0
1519  0
1520  0
1521  7
1522  16
1523  10
1524  1
1525  24
1526  26
1527  15
1528  0
1529  24
1530  5
1531  6
1532  36
1533  18
1534  15
1535  11
1536  48
1537  2
1538  22
1539  27
1540  4
1541  6
1542  6
1543  15
1544  2
1545  5
1546  0
1547  0
1548  0
1549  0
1550  6
1551  0
1552  2
1553  6
1554  3
1555  0
1556  7
1557  0
1558  0
1559  5
1560  2
1561  0
1562  13
1563  2
1564  6
1565  0
1566  5
1567  0
1568  0
1569  0
1570  0
1571  3
1572  110
1573  0
1574  129
1575  106
1576  2
1577  108
1578  124
1579  103
1580  90
1581  46
1582  99
1583  246
1584  131
1585  54
1586  30
1587  31
1588  61
1589  63
1590  14
1591  142
1592  342
1593  37
1594  21
1595  1
1596  63
1597  110
1598  149
1599  180
1600  291
1601  94
1602  260
1603  258
1604  263
1605  87
1606  132
1607  135
1608  398
1609  126
1610  213
1611  399
1612  110
1613  301
1614  185
1615  233
1616  191
1617  110
1618  212
1619  127
1620  184
1621  238
1622  14
1623  293
1624  353
1625  361
1626  289
1627  325
1628  187
1629  129
1630  211
1631  73
1632  76
1633  127
1634  34
1635  83
1636  35
1637  204
1638  80
1639  313
1640  135
1641  123
1642  95
1643  214
1644  142
1645  155
1646  61
1647  85
1648  122
1649  133
1650  146
1651  18
1652  286
1653  100
1654  40
1655  69
1656  211
1657  56
1658  112
1659  92
1660  143
1661  219
1662  165
1663  130
1664  170
1665  167
1666  241
1667  101
1668  60
1669  77
1670  60
1671  153
1672  26
1673  104
1674  45
1675  39
1676  97
1677  59
1678  90
1679  2
1680  69
1681  39
1682  22
1683  30
1684  12
1685  29
1686  10
1687  13
1688  73
1689  14
1690  30
1691  28
1692  17
1693  11
1694  24
1695  46
1696  49
1697  41
1698  25
1699  9
1700  7
1701  0
1702  0
1703  0
1704  0
1705  8
1706  0
1707  38
1708  2
1709  15
1710  2
1711  63
1712  83
1713  123
1714  125
1715  56
1716  52
1717  73
1718  110
1719  73
1720  17
1721  140
1722  39
1723  86
1724  65
1725  62
1726  103
1727  142
1728  39
1729  103
1730  90
1731  4
1732  55
1733  67
1734  24
1735  4
1736  25
1737  24
1738  4
1739  87
1740  32
1741  67
1742  70
1743  25
1744  42
1745  10
1746  29
1747  17
1748  40
1749  0
1750  0
1751  0
1752  0
1753  0
1754  12
1755  2
1756  10
1757  12
1758  7
1759  29
1760  1
1761  6
1762  15
1763  1
1764  0
1765  3
1766  15
1767  11
1768  22
1769  15
1770  1
1771  14
1772  1
1773  0
1774  5
1775  0
1776  0
1777  3
1778  3
1779  4
1780  0
1781  6
1782  0
1783  8
1784  3
1785  0
1786  0
1787  5
1788  0
1789  0
1790  0
1791  0
1792  0
1793  42
1794  3
1795  11
1796  3
1797  31
1798  14
1799  18
1800  20
1801  25
1802  18
1803  0
1804  3
1805  16
1806  15
1807  5
1808  19
1809  0
1810  19
1811  14
1812  3
1813  8
1814  1
1815  2
1816  0
1817  0
1818  1
1819  5
1820  4
1821  1
1822  4
1823  16
1824  19
1825  0
1826  4
1827  0
1828  6
1829  37
1830  12
1831  0
1832  57
1833  9
1834  14
1835  26
1836  15
1837  8
1838  13
1839  17
1840  84
1841  17
1842  52
1843  14
1844  33
1845  21
1846  40
1847  3
1848  1
1849  33
1850  42
1851  8
1852  1
1853  5
1854  13
1855  5
1856  17
1857  11
1858  8
1859  5
1860  13
1861  0
1862  8
1863  11
1864  8
1865  0
1866  1
1867  0
1868  0
1869  1
1870  6
1871  1
1872  0
1873  0
1874  0
1875  0
1876  0
1877  0
1878  2
1879  0
1880  4
1881  2
1882  0
1883  0
1884  2
1885  3
1886  0
1887  0
1888  0
1889  0
1890  21
1891  2
1892  9
1893  41
1894  11
1895  11
1896  1
1897  10
1898  0
1899  7
1900  5
1901  5
1902  3
1903  0
1904  1
1905  8
1906  0
1907  17
1908  5
1909  19
1910  7
1911  24
1912  9
1913  5
1914  0
1915  0
1916  0
1917  0
1918  27
1919  0
1920  0
1921  42
1922  7
1923  36
1924  13
1925  15
1926  44
1927  49
1928  10
1929  66
1930  30
1931  26
1932  11
1933  3
1934  8
1935  28
1936  6
1937  45
1938  14
1939  25
1940  9
1941  1
1942  0
1943  7
1944  5
1945  2
1946  2
1947  2
1948  5
1949  0
1950  0
1951  0
1952  0
1953  4
1954  2
1955  0
1956  12
1957  3
1958  0
1959  0
1960  3
1961  0
1962  0
1963  0
1964  0
1965  0
1966  0
1967  0
1968  0
1969  11
1970  0
1971  10
1972  0
1973  4
1974  0
1975  0
1976  0
1977  0
1978  0
1979  0
1980  0
1981  0
1982  0
1983  0
1984  7
1985  0
1986  0
1987  0
1988  0
1990  38
1991  24
1992  14
1993  14
1994  10
1995  21
1996  31
1997  30
1999  55
2000  15
2004  1
