-------New SIM
37  3
40  1
41  11
42  34
43  16
44  51
45  4
46  18
47  4
48  37
49  102
50  4
51  20
52  38
53  2
54  38
55  44
56  24
57  27
58  18
59  24
60  23
61  8
62  17
63  9
64  21
65  3
66  0
67  0
68  0
69  13
70  85
71  6
72  51
73  56
74  54
75  58
76  31
77  34
78  34
79  29
80  48
81  35
82  25
83  53
84  12
85  31
86  39
87  28
88  20
89  6
90  50
91  48
92  0
93  34
94  7
95  14
96  20
97  21
98  32
99  12
100  0
101  1
102  4
103  11
104  0
105  1
106  0
107  30
108  0
109  1
110  18
111  1
112  0
113  2
114  19
115  61
116  8
117  3
118  6
119  8
120  50
121  64
122  30
123  47
124  43
125  45
126  40
127  19
128  6
129  25
130  9
131  1
132  17
133  0
134  38
135  21
136  0
137  36
138  17
139  28
140  17
141  41
142  9
143  26
144  88
145  7
146  8
147  9
148  28
149  29
150  5
151  11
152  10
153  23
154  9
155  14
156  8
157  25
158  5
159  13
160  11
161  1
162  1
163  37
164  19
165  10
166  2
167  1
168  1
169  2
170  5
171  3
172  0
173  18
174  11
175  30
176  4
177  39
178  46
179  35
180  31
181  27
182  8
183  31
184  59
185  39
186  29
187  24
188  31
189  18
190  23
191  0
192  0
193  0
194  0
195  26
196  0
197  101
198  93
199  13
200  61
201  91
202  85
203  115
204  77
205  10
206  34
207  90
208  55
209  33
210  29
211  23
212  31
213  11
214  6
215  2
216  5
217  5
218  0
219  0
220  2
221  1
222  2
223  5
224  1
225  0
226  0
227  18
228  14
229  34
230  4
231  4
232  12
233  10
234  0
235  17
236  6
237  42
238  1
239  11
240  0
241  7
242  31
243  12
244  22
245  16
246  37
247  11
248  12
249  16
250  21
251  3
252  2
253  0
254  0
255  0
256  2
257  0
258  0
259  0
260  0
261  0
262  0
263  0
264  20
265  1
266  14
267  4
268  15
269  27
270  19
271  2
272  19
273  2
274  11
275  8
276  0
277  0
278  0
279  0
280  0
281  2
282  0
283  0
284  0
285  14
286  0
287  14
288  5
289  13
290  2
291  2
292  17
293  0
294  58
295  0
296  74
297  51
298  130
299  132
300  111
301  39
302  72
303  26
304  46
305  362
306  61
307  504
308  23
309  53
310  38
311  307
312  32
313  42
314  51
315  314
316  380
317  10
318  23
319  199
320  53
321  129
322  43
323  89
324  405
325  195
326  337
327  32
328  19
329  179
330  43
331  213
332  173
333  326
334  257
335  207
336  211
337  35
338  125
339  150
340  20
341  124
342  136
343  241
344  181
345  35
346  36
347  69
348  142
349  36
350  412
351  132
352  112
353  293
354  184
355  45
356  197
357  318
358  8
359  230
360  44
361  110
362  200
363  124
364  123
365  77
366  66
367  152
368  91
369  209
370  36
371  169
372  153
373  72
374  88
375  166
376  97
377  24
378  78
379  0
380  72
381  15
382  122
383  178
384  204
385  44
386  99
387  117
388  28
389  153
390  169
391  126
392  82
393  19
394  88
395  89
396  79
397  74
398  70
399  55
400  61
401  93
402  38
403  50
404  32
405  19
406  30
407  10
408  47
409  11
410  5
411  7
412  0
413  0
414  1
415  1
416  3
417  61
418  0
419  0
420  19
421  8
422  7
423  27
424  10
425  23
426  15
427  12
428  17
429  14
430  81
431  8
432  117
433  125
434  29
435  45
436  74
437  21
438  37
439  168
440  197
441  108
442  157
443  68
444  112
445  201
446  34
447  21
448  64
449  152
450  117
451  140
452  24
453  90
454  67
455  34
456  9
457  37
458  24
459  3
460  0
461  43
462  0
463  51
464  21
465  17
466  41
467  78
468  38
469  44
470  16
471  5
472  1
473  2
474  0
475  18
476  4
477  13
478  12
479  5
480  31
481  35
482  33
483  12
484  24
485  16
486  21
487  16
488  15
489  105
490  61
491  4
492  75
493  44
494  45
495  21
496  14
497  47
498  22
499  59
500  23
501  25
502  3
503  13
504  13
505  0
506  1
507  5
508  13
509  1
510  22
511  24
512  3
513  18
514  15
515  14
516  28
517  17
518  13
519  14
520  21
521  20
522  4
523  7
524  13
525  30
526  0
527  1
528  22
529  33
530  37
531  9
532  12
533  30
534  33
535  9
536  0
537  0
538  2
539  6
540  5
541  0
542  0
543  0
544  0
545  5
546  0
547  0
548  0
549  10
550  1
551  0
552  1
553  1
554  3
555  0
556  0
557  83
558  22
559  13
560  1
561  4
562  16
563  73
564  65
565  35
566  64
567  54
568  81
569  35
570  54
571  34
572  46
573  31
574  4
575  14
576  0
577  15
578  10
579  7
580  0
581  1
582  9
583  8
584  4
585  0
586  2
587  1
588  2
589  5
590  3
591  0
592  0
593  2
594  24
595  62
596  70
597  6
598  59
599  38
600  45
601  36
602  21
603  21
604  33
605  5
606  17
607  31
608  26
609  6
610  21
611  0
612  11
613  9
614  4
615  0
616  2
617  1
618  3
619  0
620  0
621  10
622  57
623  1
624  3
625  3
626  0
627  7
628  22
629  46
630  4
631  1
632  84
633  40
634  55
635  90
636  92
637  43
638  37
639  12
640  26
641  17
642  25
643  30
644  7
645  14
646  9
647  31
648  10
649  6
650  4
651  2
652  14
653  12
654  3
655  3
656  12
657  0
658  0
659  3
660  14
661  0
662  6
663  1
664  86
665  63
666  78
667  52
668  71
669  28
670  37
671  52
672  55
673  65
674  27
675  13
676  26
677  40
678  31
679  28
680  3
681  0
682  0
683  17
684  2
685  10
686  3
687  26
688  8
689  20
690  4
691  0
692  0
693  0
694  0
695  4
696  0
697  0
698  7
699  0
700  52
701  76
702  34
703  64
704  27
705  44
706  57
707  33
708  50
709  6
710  65
711  19
712  14
713  35
714  24
715  7
716  11
717  0
718  2
719  0
720  2
721  3
722  6
723  0
724  8
725  0
726  2
727  28
728  18
729  12
730  2
731  15
732  11
733  2
734  12
735  11
736  145
737  95
738  0
739  308
740  174
741  408
742  4
743  106
744  25
745  9
746  235
747  149
748  117
749  261
750  135
751  356
752  119
753  109
754  221
755  161
756  610
757  617
758  51
759  284
760  463
761  584
762  437
763  153
764  141
765  195
766  75
767  29
768  228
769  26
770  215
771  21
772  48
773  274
774  27
775  318
776  120
777  134
778  448
779  157
780  133
781  198
782  384
783  278
784  215
785  267
786  217
787  425
788  211
789  297
790  258
791  495
792  248
793  72
794  422
795  228
796  326
797  343
798  371
799  400
800  325
801  423
802  91
803  181
804  235
805  177
806  218
807  48
808  148
809  233
810  210
811  147
812  146
813  178
814  277
815  54
816  240
817  189
818  57
819  104
820  185
821  169
822  146
823  148
824  150
825  69
826  112
827  88
828  112
829  64
830  100
831  75
832  43
833  75
834  12
835  25
836  50
837  15
838  8
839  1
840  8
841  0
842  20
843  6
844  2
845  31
846  19
847  19
848  29
849  3
850  23
851  15
852  18
853  0
854  11
855  7
856  11
857  9
858  2
859  15
860  7
861  224
862  31
863  12
864  18
865  26
866  96
867  33
868  22
869  123
870  307
871  8
872  5
873  122
874  69
875  2
876  99
877  95
878  60
879  22
880  68
881  139
882  135
883  268
884  30
885  76
886  121
887  234
888  57
889  72
890  48
891  31
892  99
893  164
894  116
895  196
896  155
897  107
898  28
899  302
900  240
901  143
902  174
903  89
904  192
905  92
906  75
907  39
908  133
909  61
910  61
911  78
912  98
913  113
914  136
915  90
916  177
917  177
918  116
919  133
920  32
921  21
922  141
923  86
924  117
925  125
926  123
927  130
928  126
929  49
930  106
931  80
932  80
933  89
934  92
935  78
936  21
937  47
938  10
939  62
940  56
941  64
942  18
943  119
944  6
945  56
946  42
947  6
948  36
949  4
950  30
951  21
952  16
953  28
954  36
955  21
956  116
957  75
958  0
959  5
960  105
961  151
962  88
963  169
964  34
965  57
966  41
967  57
968  35
969  161
970  5
971  39
972  81
973  104
974  14
975  46
976  37
977  40
978  11
979  32
980  27
981  18
982  28
983  71
984  86
985  11
986  41
987  23
988  71
989  39
990  6
991  52
992  18
993  30
994  32
995  19
996  40
997  23
998  38
999  122
1000  42
1001  13
1002  44
1003  20
1004  69
1005  92
1006  17
1007  60
1008  66
1009  81
1010  25
1011  31
1012  37
1013  96
1014  39
1015  48
1016  49
1017  64
1018  31
1019  42
1020  11
1021  75
1022  19
1023  44
1024  11
1025  17
1026  16
1027  13
1028  12
1029  0
1030  15
1031  0
1032  2
1033  0
1034  1
1035  13
1036  11
1037  40
1038  23
1039  41
1040  43
1041  58
1042  37
1043  12
1044  94
1045  82
1046  46
1047  34
1048  111
1049  67
1050  102
1051  8
1052  33
1053  59
1054  83
1055  27
1056  70
1057  57
1058  0
1059  29
1060  34
1061  32
1062  0
1063  86
1064  57
1065  0
1066  99
1067  34
1068  4
1069  9
1070  89
1071  84
1072  30
1073  118
1074  38
1075  32
1076  87
1077  59
1078  99
1079  39
1080  46
1081  34
1082  42
1083  14
1084  37
1085  56
1086  44
1087  20
1088  13
1089  19
1090  0
1091  83
1092  6
1093  2
1094  0
1095  0
1096  0
1097  1
1098  21
1099  3
1100  148
1101  97
1102  190
1103  79
1104  5
1105  235
1106  102
1107  155
1108  162
1109  110
1110  115
1111  142
1112  203
1113  5
1114  53
1115  187
1116  150
1117  20
1118  119
1119  102
1120  148
1121  99
1122  159
1123  49
1124  142
1125  12
1126  4
1127  96
1128  94
1129  13
1130  49
1131  31
1132  8
1133  51
1134  70
1135  56
1136  35
1137  36
1138  41
1139  16
1140  8
1141  32
1142  14
1143  35
1144  27
1145  4
1146  9
1147  0
1148  0
1149  55
1150  20
1151  0
1152  22
1153  10
1154  17
1155  10
1156  31
1157  18
1158  5
1159  15
1160  0
1161  10
1162  1
1163  1
1164  0
1165  3
1166  2
1167  0
1168  7
1169  0
1170  34
1171  20
1172  25
1173  21
1174  6
1175  81
1176  35
1177  36
1178  37
1179  39
1180  8
1181  9
1182  62
1183  32
1184  26
1185  18
1186  39
1187  28
1188  26
1189  19
1190  5
1191  44
1192  44
1193  25
1194  33
1195  21
1196  12
1197  12
1198  0
1199  0
1200  0
1201  0
1202  0
1203  0
1204  1
1205  1
1206  11
1207  23
1208  19
1209  9
1210  47
1211  25
1212  57
1213  32
1214  26
1215  20
1216  9
1217  14
1218  4
1219  26
1220  22
1221  1
1222  2
1223  5
1224  1
1225  2
1226  9
1227  11
1228  0
1229  0
1230  7
1231  10
1232  1
1233  8
1234  16
1235  0
1236  27
1237  22
1238  2
1239  1
1240  3
1241  10
1242  0
1243  0
1244  0
1245  0
1246  4
1247  18
1248  0
1249  0
1250  0
1251  0
1252  17
1253  8
1254  0
1255  4
1256  7
1257  0
1258  0
1259  12
1260  1
1261  3
1262  0
1263  3
1264  2
1265  10
1266  0
1267  1
1268  0
1269  0
1270  0
1271  0
1272  9
1273  18
1274  17
1275  3
1276  10
1277  8
1278  5
1279  2
1280  0
1281  0
1282  4
1283  12
1284  20
1285  8
1286  13
1287  12
1288  18
1289  2
1290  1
1291  0
1292  3
1293  2
1294  0
1295  0
1296  0
1297  1
1298  0
1299  0
1300  9
1301  44
1302  0
1303  0
1304  1
1305  36
1306  4
1307  6
1308  15
1309  37
1310  19
1311  34
1312  18
1313  44
1314  17
1315  24
1316  14
1317  0
1318  3
1319  7
1320  32
1321  38
1322  36
1323  62
1324  11
1325  36
1326  34
1327  10
1328  43
1329  8
1330  15
1331  61
1332  27
1333  31
1334  21
1335  47
1336  24
1337  46
1338  21
1339  38
1340  38
1341  28
1342  13
1343  2
1344  0
1345  0
1346  21
1347  12
1348  6
1349  21
1350  26
1351  8
1352  30
1353  16
1354  4
1355  46
1356  4
1357  0
1358  27
1359  50
1360  35
1361  43
1362  116
1363  35
1364  38
1365  49
1366  37
1367  27
1368  44
1369  54
1370  26
1371  20
1372  5
1373  27
1374  3
1375  11
1376  7
1377  0
1378  2
1379  9
1380  7
1381  3
1382  0
1383  6
1384  0
1385  0
1386  0
1387  30
1388  0
1389  29
1390  29
1391  30
1392  12
1393  57
1394  97
1395  29
1396  30
1397  7
1398  116
1399  0
1400  43
1401  37
1402  99
1403  38
1404  55
1405  8
1406  88
1407  106
1408  47
1409  71
1410  60
1411  104
1412  71
1413  66
1414  41
1415  18
1416  30
1417  39
1418  31
1419  25
1420  29
1421  27
1422  11
1423  18
1424  21
1425  22
1426  11
1427  10
1428  0
1429  43
1430  56
1431  104
1432  150
1433  21
1434  32
1435  0
1436  132
1437  60
1438  66
1439  16
1440  52
1441  91
1442  54
1443  97
1444  35
1445  11
1446  45
1447  59
1448  59
1449  75
1450  39
1451  64
1452  49
1453  49
1454  13
1455  13
1456  0
1457  11
1458  0
1459  0
1460  0
1461  0
1462  0
1463  0
1464  0
1465  0
1466  0
1467  0
1468  9
1469  6
1470  8
1471  21
1472  12
1473  19
1474  5
1475  6
1476  12
1477  28
1478  31
1479  0
1480  30
1481  2
1482  15
1483  40
1484  21
1485  4
1486  0
1487  0
1488  2
1489  0
1490  23
1491  0
1492  26
1493  11
1494  8
1495  4
1496  18
1497  19
1498  19
1499  8
1500  0
1501  1
1502  5
1503  3
1504  0
1505  0
1506  3
1507  0
1508  10
1509  1
1510  1
1511  0
1512  0
1513  3
1514  11
1515  17
1516  37
1517  21
1518  21
1519  6
1520  151
1521  131
1522  97
1523  60
1524  154
1525  20
1526  7
1527  2
1528  206
1529  56
1530  56
1531  90
1532  55
1533  85
1534  259
1535  182
1536  203
1537  304
1538  194
1539  45
1540  6
1541  104
1542  23
1543  104
1544  99
1545  312
1546  233
1547  83
1548  115
1549  59
1550  157
1551  97
1552  89
1553  126
1554  356
1555  194
1556  199
1557  139
1558  7
1559  158
1560  71
1561  139
1562  160
1563  68
1564  123
1565  136
1566  77
1567  51
1568  138
1569  95
1570  57
1571  130
1572  29
1573  63
1574  144
1575  180
1576  13
1577  103
1578  211
1579  193
1580  204
1581  16
1582  15
1583  35
1584  393
1585  107
1586  158
1587  116
1588  142
1589  31
1590  153
1591  117
1592  165
1593  188
1594  185
1595  85
1596  55
1597  355
1598  332
1599  101
1600  103
1601  8
1602  188
1603  72
1604  4
1605  52
1606  158
1607  157
1608  166
1609  42
1610  30
1611  82
1612  57
1613  158
1614  169
1615  78
1616  44
1617  15
1618  171
1619  119
1620  126
1621  81
1622  6
1623  99
1624  97
1625  134
1626  31
1627  73
1628  26
1629  21
1630  77
1631  62
1632  29
1633  0
1634  4
1635  5
1636  19
1637  2
1638  17
1639  11
1640  7
1641  2
1642  0
1643  3
1644  2
1645  0
1646  9
1647  1
1648  0
1649  0
1650  0
1651  2
1652  0
1653  0
1654  0
1655  3
1656  0
1657  1
1658  0
1659  0
1660  0
1661  0
1662  0
1663  0
1664  0
1665  0
1666  3
1667  0
1668  1
1669  7
1670  0
1671  14
1672  11
1673  26
1674  7
1675  10
1676  21
1677  3
1678  1
1679  9
1680  1
1681  34
1682  13
1683  9
1684  636
1685  6
1686  163
1687  180
1688  18
1689  117
1690  2
1691  102
1692  10
1693  122
1694  85
1695  36
1696  530
1697  44
1698  308
1699  122
1700  540
1701  103
1702  451
1703  189
1704  251
1705  673
1706  240
1707  112
1708  78
1709  116
1710  492
1711  9
1712  76
1713  547
1714  98
1715  141
1716  585
1717  7
1718  32
1719  285
1720  374
1721  232
1722  211
1723  218
1724  274
1725  273
1726  95
1727  406
1728  229
1729  47
1730  150
1731  22
1732  462
1733  447
1734  88
1735  273
1736  287
1737  527
1738  295
1739  69
1740  430
1741  295
1742  476
1743  341
1744  409
1745  336
1746  383
1747  462
1748  329
1749  364
1750  56
1751  251
1752  415
1753  305
1754  160
1755  290
1756  127
1757  49
1758  137
1759  255
1760  35
1761  79
1762  147
1763  295
1764  188
1765  150
1766  237
1767  157
1768  159
1769  199
1770  78
1771  171
1772  161
1773  95
1774  53
1775  193
1776  130
1777  136
1778  139
1779  89
1780  153
1781  191
1782  114
1783  144
1784  109
1785  73
1786  128
1787  50
1788  153
1789  34
1790  64
1791  117
1792  4
1793  34
1794  2
1795  18
1796  82
1797  39
1798  6
1799  31
1800  107
1801  61
1802  16
1803  12
1804  51
1805  45
1806  57
1807  10
1808  58
1809  43
1810  35
1811  14
1812  8
1813  3
1814  1
1815  0
1816  0
1817  0
1818  0
1819  18
1820  9
1821  6
1822  7
1823  12
1824  28
1825  2
1826  11
1827  0
1828  18
1829  0
1830  0
1831  0
1832  0
1833  15
1834  18
1835  2
1836  2
1837  3
1838  18
1839  12
1840  18
1841  9
1842  9
1843  11
1844  53
1845  16
1846  75
1847  56
1848  51
1849  7
1850  58
1851  30
1852  30
1853  45
1854  44
1855  37
1856  26
1857  7
1858  0
1859  0
1860  0
1861  0
1862  0
1863  0
1864  11
1865  9
1866  14
1867  9
1868  17
1869  7
1870  5
1871  24
1872  14
1873  1
1874  6
1875  1
1876  0
1877  5
1878  5
1879  5
1880  0
1881  0
1882  0
1883  6
1884  16
1885  8
1886  0
1887  0
1888  1
1889  54
1890  59
1891  59
1892  49
1893  12
1894  85
1895  87
1896  55
1897  22
1898  123
1899  63
1900  47
1901  3
1902  51
1903  50
1904  4
1905  33
1906  12
1907  5
1908  14
1909  84
1910  40
1911  2
1912  2
1913  80
1914  1
1915  0
1916  10
1917  0
1918  80
1919  36
1920  75
1921  80
1922  67
1923  45
1924  15
1925  31
1926  21
1927  51
1928  84
1929  71
1930  40
1931  20
1932  19
1933  2
1934  15
1935  5
1936  12
1937  6
1938  5
1939  0
1940  0
1941  0
1942  12
1943  2
1944  2
1945  20
1946  0
1947  9
1948  3
1949  2
1950  0
1951  1
1952  0
1953  3
1954  4
1955  18
1956  0
1957  0
1958  0
1959  10
1960  1
1961  0
1962  0
1963  0
1964  0
1965  13
1966  16
1967  4
1968  9
1969  13
1970  11
1971  21
1972  4
1973  9
1974  15
1975  59
1976  34
1977  2
1978  2
1979  3
1980  44
1981  28
1982  7
1983  25
1984  13
1985  18
1986  28
1987  14
1988  4
1989  1
1990  3
1991  4
1992  0
1993  0
1994  0
1995  6
1996  8
1997  0
1998  2
1999  2
