-------New SIM
38  29
40  7
41  0
42  17
43  0
44  11
45  20
46  10
47  11
48  18
49  2
50  1
51  2
52  0
53  0
54  0
55  6
56  0
57  5
58  5
59  0
60  0
61  0
62  0
63  0
64  11
65  9
66  25
67  0
68  48
69  0
70  56
71  0
72  68
73  12
74  40
75  2
76  109
77  44
78  54
79  94
80  40
81  32
82  75
83  53
84  117
85  79
86  30
87  37
88  69
89  70
90  66
91  46
92  69
93  54
94  53
95  13
96  23
97  26
98  13
99  27
100  45
101  6
102  1
103  0
104  1
105  0
106  0
107  0
108  9
109  1
110  10
111  5
112  15
113  14
114  0
115  0
116  2
117  1
118  4
119  1
120  0
121  0
122  8
123  17
124  8
125  27
126  39
127  10
128  29
129  11
130  26
131  13
132  7
133  3
134  0
135  0
136  2
137  5
138  0
139  0
140  0
141  0
142  22
143  10
144  21
145  11
146  16
147  2
148  8
149  10
150  0
151  13
152  11
153  11
154  0
155  40
156  15
157  32
158  29
159  2
160  2
161  0
162  3
163  0
164  0
165  40
166  24
167  38
168  7
169  0
170  64
171  34
172  24
173  64
174  16
175  44
176  44
177  25
178  9
179  34
180  6
181  6
182  13
183  6
184  3
185  0
186  3
187  0
188  1
189  3
190  10
191  1
192  2
193  57
194  11
195  51
196  8
197  12
198  2
199  46
200  53
201  9
202  9
203  15
204  77
205  24
206  62
207  11
208  35
209  32
210  29
211  45
212  19
213  9
214  11
215  0
216  0
217  5
218  15
219  0
220  0
221  0
222  0
223  0
224  0
225  0
226  8
227  8
228  4
229  17
230  131
231  21
232  38
233  41
234  12
235  109
236  19
237  43
238  5
239  0
240  0
241  74
242  69
243  41
244  29
245  87
246  44
247  43
248  53
249  46
250  114
251  31
252  33
253  45
254  61
255  81
256  53
257  8
258  63
259  98
260  17
261  24
262  47
263  48
264  59
265  24
266  41
267  35
268  28
269  2
270  4
271  3
272  31
273  8
274  4
275  7
276  2
277  4
278  8
279  0
280  25
281  5
282  30
283  13
284  19
285  43
286  7
287  19
288  23
289  88
290  14
291  27
292  2
293  2
294  33
295  1
296  30
297  24
298  169
299  105
300  59
301  51
302  107
303  21
304  104
305  155
306  34
307  26
308  115
309  17
310  82
311  58
312  73
313  127
314  20
315  126
316  22
317  17
318  68
319  79
320  96
321  69
322  105
323  100
324  35
325  35
326  28
327  43
328  72
329  15
330  25
331  12
332  35
333  46
334  9
335  1
336  27
337  4
338  0
339  0
340  0
341  0
342  0
343  17
344  0
345  7
346  0
347  24
348  2
349  31
350  0
351  13
352  0
353  7
354  3
355  5
356  9
357  0
358  0
359  3
360  0
361  19
362  0
363  1
364  1
365  0
366  18
367  26
368  10
369  1
370  7
371  18
372  1
373  9
374  0
375  1
376  12
377  10
378  3
379  0
380  27
381  22
382  3
383  19
384  13
385  24
386  11
387  5
388  0
389  9
390  0
391  0
392  24
393  3
394  21
395  46
396  15
397  31
398  25
399  20
400  16
401  12
402  3
403  29
404  13
405  38
406  12
407  11
408  5
409  16
410  23
411  21
412  13
413  7
414  26
415  21
416  21
417  9
418  6
419  31
420  40
421  3
422  0
423  0
424  0
425  39
426  12
427  15
428  3
429  22
430  63
431  8
432  19
433  7
434  27
435  2
436  27
437  3
438  9
439  2
440  0
441  1
442  1
443  2
444  0
445  0
446  3
447  0
448  0
449  5
450  1
451  0
452  0
453  1
454  16
455  3
456  33
457  41
458  14
459  33
460  45
461  24
462  40
463  68
464  147
465  68
466  1
467  39
468  174
469  21
470  1
471  143
472  135
473  178
474  150
475  4
476  75
477  219
478  105
479  75
480  88
481  134
482  125
483  110
484  87
485  76
486  66
487  0
488  34
489  45
490  99
491  63
492  76
493  12
494  46
495  51
496  26
497  22
498  3
499  54
500  2
501  20
502  22
503  25
504  21
505  11
506  13
507  19
508  6
509  1
510  0
511  0
512  25
513  0
514  10
515  13
516  1
517  3
518  2
519  0
520  4
521  0
522  30
523  9
524  12
525  5
526  15
527  28
528  6
529  14
530  10
531  23
532  9
533  13
534  26
535  16
536  0
537  1
538  24
539  5
540  6
541  11
542  6
543  16
544  8
545  0
546  4
547  2
548  4
549  4
550  2
551  9
552  0
553  0
554  1
555  5
556  4
557  0
558  0
559  0
560  0
561  5
562  20
563  5
564  86
565  110
566  43
567  22
568  197
569  121
570  3
571  114
572  33
573  130
574  155
575  86
576  124
577  83
578  106
579  110
580  163
581  46
582  7
583  84
584  61
585  44
586  50
587  2
588  34
589  36
590  26
591  7
592  9
593  40
594  20
595  1
596  18
597  14
598  6
599  0
600  1
601  0
602  3
603  0
604  0
605  0
606  0
607  11
608  5
609  16
610  0
611  20
612  19
613  9
614  8
615  1
616  0
617  48
618  25
619  5
620  52
621  110
622  70
623  45
624  71
625  142
626  76
627  145
628  133
629  58
630  38
631  47
632  123
633  2
634  26
635  41
636  16
637  95
638  29
639  78
640  1
641  36
642  16
643  59
644  25
645  25
646  23
647  27
648  6
649  21
650  29
651  6
652  5
653  22
654  11
655  30
656  12
657  154
658  20
659  23
660  53
661  19
662  37
663  0
664  96
665  50
666  33
667  70
668  79
669  15
670  52
671  11
672  31
673  44
674  38
675  42
676  9
677  66
678  7
679  45
680  140
681  73
682  21
683  119
684  24
685  209
686  1
687  28
688  50
689  214
690  167
691  12
692  199
693  155
694  91
695  36
696  195
697  186
698  214
699  187
700  233
701  141
702  192
703  224
704  187
705  111
706  184
707  25
708  55
709  171
710  22
711  247
712  166
713  55
714  99
715  43
716  61
717  132
718  143
719  137
720  110
721  179
722  81
723  131
724  72
725  7
726  73
727  82
728  85
729  107
730  56
731  115
732  31
733  44
734  72
735  17
736  26
737  43
738  86
739  28
740  54
741  102
742  162
743  61
744  9
745  118
746  102
747  47
748  34
749  41
750  183
751  70
752  28
753  50
754  20
755  50
756  89
757  28
758  36
759  74
760  67
761  34
762  133
763  24
764  43
765  80
766  42
767  75
768  53
769  43
770  62
771  51
772  32
773  41
774  55
775  17
776  29
777  1
778  7
779  21
780  15
781  1
782  7
783  4
784  5
785  5
786  0
787  3
788  0
789  0
790  10
791  16
792  2
793  3
794  13
795  1
796  20
797  4
798  1
799  0
800  0
801  0
802  0
803  0
804  0
805  0
806  0
807  0
808  0
809  6
810  2
811  22
812  26
813  10
814  0
815  16
816  23
817  6
818  2
819  4
820  1
821  0
822  0
823  18
824  198
825  0
826  301
827  33
828  127
829  67
830  66
831  74
832  228
833  310
834  30
835  353
836  258
837  64
838  93
839  75
840  214
841  64
842  22
843  8
844  9
845  449
846  244
847  308
848  287
849  112
850  173
851  200
852  204
853  36
854  87
855  30
856  153
857  76
858  52
859  468
860  131
861  264
862  69
863  131
864  245
865  89
866  142
867  34
868  54
869  214
870  150
871  95
872  97
873  55
874  127
875  103
876  101
877  146
878  198
879  20
880  13
881  65
882  17
883  29
884  53
885  66
886  147
887  64
888  73
889  147
890  79
891  176
892  85
893  137
894  157
895  182
896  76
897  8
898  38
899  49
900  44
901  105
902  14
903  57
904  46
905  54
906  53
907  41
908  21
909  26
910  30
911  22
912  10
913  15
914  5
915  11
916  1
917  1
918  6
919  0
920  0
921  8
922  29
923  2
924  6
925  1
926  0
927  0
928  0
929  42
930  5
931  24
932  43
933  11
934  45
935  102
936  23
937  73
938  65
939  28
940  66
941  331
942  39
943  68
944  17
945  45
946  69
947  15
948  28
949  85
950  16
951  140
952  61
953  106
954  13
955  255
956  45
957  68
958  125
959  54
960  52
961  97
962  198
963  27
964  91
965  274
966  153
967  177
968  28
969  230
970  121
971  225
972  149
973  117
974  210
975  164
976  90
977  109
978  65
979  165
980  49
981  76
982  196
983  215
984  61
985  68
986  11
987  75
988  28
989  63
990  98
991  62
992  62
993  58
994  57
995  90
996  58
997  31
998  8
999  33
1000  64
1001  48
1002  12
1003  45
1004  59
1005  97
1006  109
1007  18
1008  55
1009  37
1010  25
1011  12
1012  56
1013  60
1014  57
1015  45
1016  48
1017  53
1018  60
1019  2
1020  32
1021  11
1022  0
1023  23
1024  52
1025  47
1026  8
1027  0
1028  5
1029  9
1030  26
1031  5
1032  0
1033  49
1034  20
1035  11
1036  21
1037  0
1038  28
1039  4
1040  14
1041  13
1042  40
1043  7
1044  19
1045  2
1046  22
1047  12
1048  0
1049  0
1050  0
1051  0
1052  0
1053  14
1054  37
1055  16
1056  8
1057  36
1058  33
1059  23
1060  35
1061  20
1062  6
1063  4
1064  12
1065  0
1066  21
1067  8
1068  10
1069  8
1070  1
1071  10
1072  0
1073  0
1074  0
1075  0
1076  10
1077  0
1078  0
1079  0
1080  0
1081  0
1082  19
1083  25
1084  6
1085  1
1086  7
1087  29
1088  7
1089  7
1090  6
1091  0
1092  0
1093  0
1094  0
1095  37
1096  12
1097  11
1098  2
1099  33
1100  9
1101  8
1102  32
1103  15
1104  17
1105  18
1106  34
1107  52
1108  11
1109  18
1110  1
1111  0
1112  66
1113  6
1114  18
1115  18
1116  11
1117  23
1118  40
1119  44
1120  10
1121  11
1122  24
1123  11
1124  21
1125  14
1126  30
1127  17
1128  6
1129  6
1130  6
1131  0
1132  12
1133  33
1134  16
1135  5
1136  5
1137  25
1138  24
1139  3
1140  5
1141  15
1142  3
1143  3
1144  0
1145  0
1146  1
1147  6
1148  4
1149  0
1150  2
1151  0
1152  0
1153  0
1154  17
1155  14
1156  3
1157  0
1158  0
1159  0
1160  16
1161  7
1162  11
1163  13
1164  12
1165  4
1166  9
1167  3
1168  0
1169  12
1170  16
1171  8
1172  0
1173  1
1174  0
1175  6
1176  16
1177  7
1178  1
1179  1
1180  13
1181  9
1182  41
1183  52
1184  16
1185  11
1186  17
1187  6
1188  109
1189  3
1190  115
1191  62
1192  88
1193  139
1194  87
1195  28
1196  90
1197  109
1198  96
1199  99
1200  47
1201  40
1202  47
1203  1
1204  14
1205  52
1206  25
1207  51
1208  39
1209  6
1210  10
1211  25
1212  35
1213  1
1214  29
1215  12
1216  23
1217  3
1218  14
1219  2
1220  0
1221  26
1222  19
1223  111
1224  206
1225  0
1226  3
1227  76
1228  9
1229  13
1230  74
1231  92
1232  103
1233  22
1234  4
1235  118
1236  114
1237  132
1238  155
1239  67
1240  104
1241  116
1242  103
1243  152
1244  70
1245  78
1246  136
1247  92
1248  1
1249  87
1250  78
1251  68
1252  21
1253  72
1254  22
1255  96
1256  3
1257  45
1258  14
1259  52
1260  20
1261  32
1262  13
1263  4
1264  23
1265  0
1266  1
1267  1
1268  0
1269  1
1270  13
1271  4
1272  13
1273  7
1274  10
1275  14
1276  24
1277  28
1278  0
1279  2
1280  10
1281  0
1282  13
1283  2
1284  8
1285  8
1286  14
1287  3
1288  8
1289  6
1290  9
1291  7
1292  0
1293  0
1294  5
1295  3
1296  3
1297  11
1298  5
1299  0
1300  0
1301  0
1302  0
1303  11
1304  0
1305  0
1306  0
1307  0
1308  2
1309  2
1310  0
1311  1
1312  0
1313  0
1314  71
1315  0
1316  79
1317  102
1318  14
1319  43
1320  36
1321  91
1322  47
1323  77
1324  84
1325  90
1326  5
1327  72
1328  55
1329  37
1330  44
1331  42
1332  11
1333  9
1334  34
1335  42
1336  9
1337  92
1338  271
1339  197
1340  100
1341  205
1342  21
1343  116
1344  232
1345  106
1346  244
1347  225
1348  305
1349  203
1350  71
1351  230
1352  84
1353  23
1354  95
1355  93
1356  174
1357  56
1358  132
1359  41
1360  35
1361  274
1362  247
1363  260
1364  180
1365  209
1366  183
1367  95
1368  142
1369  190
1370  94
1371  169
1372  74
1373  118
1374  138
1375  4
1376  41
1377  80
1378  54
1379  21
1380  27
1381  88
1382  77
1383  141
1384  75
1385  97
1386  120
1387  121
1388  90
1389  66
1390  120
1391  62
1392  74
1393  65
1394  104
1395  97
1396  69
1397  45
1398  12
1399  12
1400  76
1401  43
1402  75
1403  54
1404  11
1405  4
1406  54
1407  24
1408  4
1409  40
1410  19
1411  52
1412  12
1413  10
1414  47
1415  38
1416  19
1417  37
1418  39
1419  32
1420  9
1421  2
1422  1
1423  6
1424  18
1425  0
1426  0
1427  10
1428  5
1429  9
1430  2
1431  22
1432  3
1433  7
1434  0
1435  7
1436  4
1437  0
1438  0
1439  0
1440  2
1441  2
1442  5
1443  9
1444  19
1445  0
1446  15
1447  5
1448  1
1449  2
1450  1
1451  9
1452  12
1453  3
1454  3
1455  11
1456  8
1457  4
1458  0
1459  0
1460  10
1461  0
1462  25
1463  0
1464  13
1465  55
1466  21
1467  24
1468  25
1469  31
1470  12
1471  20
1472  57
1473  3
1474  33
1475  63
1476  32
1477  41
1478  59
1479  55
1480  25
1481  20
1482  29
1483  47
1484  10
1485  34
1486  36
1487  29
1488  23
1489  0
1490  0
1491  0
1492  2
1493  172
1494  70
1495  50
1496  46
1497  62
1498  9
1499  2
1500  112
1501  152
1502  94
1503  4
1504  125
1505  173
1506  3
1507  119
1508  77
1509  99
1510  67
1511  20
1512  145
1513  101
1514  161
1515  152
1516  77
1517  15
1518  105
1519  49
1520  62
1521  129
1522  40
1523  53
1524  61
1525  68
1526  36
1527  58
1528  6
1529  17
1530  8
1531  2
1532  5
1533  0
1534  0
1535  4
1536  6
1537  7
1538  30
1539  5
1540  0
1541  65
1542  40
1543  0
1544  0
1545  3
1546  4
1547  39
1548  1
1549  22
1550  0
1551  23
1552  0
1553  45
1554  5
1555  22
1556  19
1557  15
1558  29
1559  1
1560  0
1561  0
1562  0
1563  0
1564  0
1565  6
1566  1
1567  0
1568  0
1569  0
1570  0
1571  1
1572  36
1573  46
1574  35
1575  105
1576  8
1577  146
1578  88
1579  37
1580  5
1581  86
1582  64
1583  115
1584  24
1585  32
1586  44
1587  102
1588  42
1589  28
1590  53
1591  88
1592  61
1593  62
1594  65
1595  35
1596  27
1597  95
1598  35
1599  0
1600  8
1601  47
1602  26
1603  68
1604  56
1605  2
1606  50
1607  52
1608  13
1609  6
1610  4
1611  16
1612  42
1613  56
1614  56
1615  30
1616  36
1617  38
1618  62
1619  64
1620  9
1621  7
1622  22
1623  2
1624  8
1625  8
1626  0
1627  8
1628  2
1629  5
1630  3
1631  0
1632  74
1633  0
1634  0
1635  57
1636  13
1637  50
1638  108
1639  64
1640  69
1641  99
1642  58
1643  30
1644  52
1645  82
1646  50
1647  76
1648  17
1649  51
1650  25
1651  8
1652  0
1653  46
1654  24
1655  36
1656  19
1657  0
1658  1
1659  30
1660  13
1661  7
1662  3
1663  6
1664  2
1665  0
1666  0
1667  0
1668  0
1669  34
1670  17
1671  14
1672  33
1673  68
1674  6
1675  11
1676  8
1677  48
1678  191
1679  146
1680  126
1681  174
1682  31
1683  195
1684  47
1685  218
1686  164
1687  183
1688  20
1689  152
1690  16
1691  150
1692  91
1693  142
1694  90
1695  121
1696  177
1697  225
1698  107
1699  96
1700  104
1701  287
1702  233
1703  178
1704  78
1705  89
1706  89
1707  83
1708  141
1709  179
1710  73
1711  5
1712  148
1713  241
1714  79
1715  44
1716  635
1717  9
1718  35
1719  83
1720  39
1721  9
1722  47
1723  159
1724  65
1725  84
1726  105
1727  313
1728  152
1729  71
1730  27
1731  234
1732  49
1733  40
1734  63
1735  433
1736  76
1737  127
1738  224
1739  155
1740  199
1741  148
1742  219
1743  55
1744  13
1745  485
1746  158
1747  389
1748  135
1749  121
1750  281
1751  426
1752  105
1753  375
1754  182
1755  53
1756  162
1757  286
1758  89
1759  251
1760  235
1761  265
1762  296
1763  115
1764  220
1765  152
1766  248
1767  141
1768  992
1769  44
1770  298
1771  47
1772  840
1773  158
1774  133
1775  290
1776  467
1777  162
1778  208
1779  87
1780  392
1781  179
1782  15
1783  165
1784  193
1785  335
1786  21
1787  182
1788  147
1789  216
1790  13
1791  387
1792  517
1793  221
1794  55
1795  138
1796  25
1797  342
1798  47
1799  20
1800  936
1801  111
1802  134
1803  117
1804  155
1805  91
1806  299
1807  107
1808  208
1809  761
1810  160
1811  740
1812  407
1813  62
1814  85
1815  12
1816  721
1817  14
1818  731
1819  108
1820  158
1821  583
1822  75
1823  540
1824  330
1825  986
1826  414
1827  511
1828  324
1829  190
1830  475
1831  891
1832  755
1833  11
1834  91
1835  794
1836  226
1837  905
1838  252
1839  289
1840  353
1841  129
1842  709
1843  70
1844  16
1845  203
1846  506
1847  379
1848  574
1849  26
1850  599
1851  634
1852  247
1853  48
1854  480
1855  88
1856  857
1857  434
1858  221
1859  766
1860  156
1861  841
1862  295
1863  218
1864  143
1865  195
1866  321
1867  254
1868  364
1869  97
1870  250
1871  116
1872  404
1873  377
1874  681
1875  341
1876  219
1877  231
1878  164
1879  77
1880  100
1881  469
1882  199
1883  280
1884  996
1885  231
1886  282
1887  633
1888  510
1889  258
1890  371
1891  227
1892  157
1893  601
1894  621
1895  69
1896  165
1897  179
1898  729
1899  508
1900  224
1901  29
1902  104
1903  295
1904  420
1905  446
1906  591
1907  381
1908  463
1909  430
1910  418
1911  146
1912  179
1913  587
1914  173
1915  17
1916  447
1917  139
1918  265
1919  277
1920  376
1921  319
1922  151
1923  302
1924  203
1925  418
1926  255
1927  140
1928  178
1929  206
1930  200
1931  217
1932  205
1933  55
1934  258
1935  441
1936  134
1937  189
1938  125
1939  239
1940  362
1941  227
1942  34
1943  520
1944  188
1945  212
1946  143
1947  28
1948  274
1949  301
1950  261
1951  88
1952  62
1953  117
1954  178
1955  93
1956  157
1957  214
1958  79
1959  159
1960  158
1961  86
1962  148
1963  253
1964  201
1965  90
1966  209
1967  140
1968  74
1969  2
1970  77
1971  222
1972  19
1973  111
1974  252
1975  146
1976  99
1977  37
1978  15
1979  86
1980  190
1981  167
1982  123
1983  27
1985  49
1986  61
1987  23
1988  65
1989  2
1991  61
1992  90
1993  77
1994  40
1995  45
1996  66
1997  7
1998  31
1999  58
2000  72
2001  16
