-------New SIM
39  1
40  56
41  14
42  32
43  38
44  23
45  20
46  29
47  29
48  1
49  12
50  1
51  25
52  13
53  9
54  4
55  8
56  0
57  0
58  5
59  23
60  1
61  1
62  0
63  7
64  10
65  0
66  9
67  16
68  16
69  1
70  1
71  0
72  2
73  0
74  2
75  0
76  0
77  2
78  3
79  51
80  5
81  60
82  0
83  34
84  69
85  2
86  173
87  100
88  66
89  50
90  6
91  63
92  73
93  89
94  62
95  44
96  79
97  59
98  32
99  31
100  42
101  45
102  16
103  4
104  10
105  4
106  4
107  13
108  0
109  54
110  28
111  27
112  45
113  41
114  56
115  67
116  46
117  34
118  5
119  12
120  21
121  51
122  17
123  5
124  24
125  17
126  5
127  37
128  0
129  84
130  63
131  46
132  29
133  70
134  74
135  58
136  37
137  43
138  62
139  56
140  29
141  6
142  10
143  0
144  0
145  10
146  20
147  18
148  8
149  5
150  7
151  6
152  0
153  2
154  7
155  4
156  0
157  10
158  0
159  0
160  0
161  1
162  12
163  0
164  0
165  22
166  2
167  10
168  1
169  1
170  2
171  17
172  20
173  0
174  0
175  5
176  2
177  10
178  1
179  15
180  5
181  6
182  1
183  15
184  0
185  3
186  6
187  0
188  14
189  4
190  7
191  35
192  10
193  0
194  8
195  0
196  0
197  5
198  0
199  10
200  0
201  17
202  6
203  24
204  21
205  1
206  9
207  4
208  15
209  21
210  8
211  0
212  29
213  0
214  1
215  17
216  4
217  6
218  6
219  10
220  0
221  18
222  2
223  5
224  0
225  0
226  12
227  0
228  11
229  2
230  7
231  0
232  0
233  0
234  0
235  1
236  1
237  6
238  2
239  9
240  0
241  13
242  7
243  1
244  9
245  4
246  1
247  0
248  0
249  1
250  32
251  19
252  9
253  3
254  12
255  7
256  4
257  17
258  17
259  6
260  4
261  12
262  0
263  0
264  0
265  0
266  91
267  8
268  64
269  47
270  0
271  19
272  85
273  59
274  88
275  83
276  21
277  123
278  105
279  15
280  59
281  52
282  36
283  25
284  23
285  50
286  15
287  83
288  81
289  61
290  42
291  37
292  12
293  9
294  48
295  52
296  10
297  64
298  53
299  61
300  22
301  36
302  37
303  62
304  43
305  15
306  23
307  42
308  9
309  7
310  30
311  0
312  0
313  0
314  0
315  0
316  0
317  4
318  0
319  0
320  16
321  5
322  4
323  6
324  1
325  0
326  0
327  15
328  0
329  3
330  0
331  8
332  4
333  14
334  7
335  10
336  5
337  6
338  0
339  0
340  0
341  26
342  51
343  7
344  23
345  24
346  28
347  26
348  7
349  10
350  5
351  34
352  42
353  6
354  9
355  73
356  2
357  20
358  1
359  39
360  26
361  26
362  13
363  38
364  6
365  0
366  41
367  0
368  0
369  0
370  37
371  30
372  0
373  20
374  0
375  35
376  6
377  7
378  28
379  12
380  0
381  0
382  26
383  0
384  10
385  18
386  49
387  36
388  10
389  7
390  9
391  8
392  11
393  43
394  0
395  0
396  9
397  1
398  9
399  32
400  3
401  25
402  5
403  0
404  0
405  12
406  9
407  17
408  9
409  0
410  0
411  0
412  0
413  28
414  49
415  0
416  44
417  123
418  108
419  20
420  11
421  22
422  94
423  18
424  65
425  94
426  99
427  7
428  49
429  54
430  44
431  88
432  31
433  13
434  48
435  38
436  28
437  19
438  12
439  27
440  5
441  33
442  64
443  0
444  1
445  50
446  29
447  52
448  2
449  9
450  14
451  21
452  21
453  10
454  2
455  4
456  5
457  6
458  11
459  8
460  19
461  4
462  12
463  0
464  2
465  1
466  1
467  25
468  0
469  0
470  1
471  2
472  1
473  4
474  0
475  1
476  0
477  8
478  0
479  3
480  7
481  0
482  1
483  2
484  55
485  36
486  37
487  22
488  16
489  21
490  27
491  37
492  11
493  14
494  18
495  6
496  0
497  1
498  24
499  6
500  2
501  0
502  0
503  0
504  0
505  0
506  5
507  0
508  1
509  1
510  6
511  1
512  43
513  0
514  1
515  43
516  66
517  43
518  15
519  94
520  66
521  86
522  114
523  43
524  143
525  36
526  63
527  32
528  94
529  105
530  47
531  77
532  93
533  75
534  53
535  40
536  2
537  34
538  17
539  27
540  30
541  38
542  49
543  26
544  1
545  12
546  0
547  1
548  4
549  1
550  16
551  2
552  8
553  0
554  0
555  0
556  0
557  0
558  8
559  9
560  11
561  10
562  16
563  27
564  6
565  2
566  2
567  0
568  0
569  0
570  0
571  0
572  9
573  0
574  0
575  19
576  15
577  23
578  4
579  6
580  14
581  15
582  16
583  6
584  0
585  0
586  3
587  7
588  0
589  6
590  12
591  1
592  14
593  19
594  45
595  11
596  14
597  16
598  3
599  43
600  13
601  28
602  6
603  7
604  6
605  6
606  0
607  0
608  0
609  0
610  0
611  0
612  0
613  0
614  7
615  6
616  5
617  12
618  49
619  5
620  57
621  9
622  4
623  1
624  44
625  14
626  47
627  10
628  31
629  19
630  11
631  8
632  8
633  3
634  6
635  6
636  0
637  4
638  13
639  82
640  3
641  55
642  0
643  14
644  17
645  84
646  18
647  81
648  27
649  57
650  46
651  22
652  66
653  34
654  17
655  50
656  25
657  15
658  7
659  19
660  42
661  18
662  4
663  14
664  10
665  1
666  1
667  0
668  0
669  4
670  15
671  3
672  13
673  25
674  6
675  13
676  10
677  1
678  12
679  17
680  3
681  0
682  0
683  0
684  0
685  3
686  0
687  16
688  21
689  17
690  5
691  0
692  21
693  55
694  9
695  30
696  4
697  23
698  57
699  14
700  16
701  59
702  30
703  28
704  42
705  10
706  25
707  17
708  10
709  31
710  23
711  0
712  34
713  16
714  23
715  8
716  28
717  27
718  36
719  30
720  35
721  29
722  14
723  1
724  5
725  76
726  66
727  15
728  1
729  3
730  28
731  48
732  52
733  84
734  68
735  55
736  31
737  24
738  37
739  20
740  5
741  22
742  0
743  30
744  12
745  16
746  0
747  0
748  13
749  30
750  0
751  0
752  0
753  5
754  0
755  0
756  0
757  0
758  0
759  0
760  29
761  0
762  30
763  98
764  62
765  74
766  127
767  264
768  48
769  23
770  81
771  38
772  6
773  22
774  79
775  42
776  16
777  169
778  191
779  17
780  41
781  23
782  0
783  205
784  180
785  109
786  157
787  71
788  47
789  215
790  216
791  17
792  94
793  165
794  23
795  186
796  72
797  232
798  86
799  184
800  104
801  10
802  166
803  134
804  33
805  139
806  182
807  181
808  72
809  50
810  28
811  94
812  51
813  13
814  65
815  145
816  9
817  127
818  94
819  72
820  61
821  103
822  145
823  39
824  62
825  67
826  32
827  74
828  14
829  22
830  50
831  29
832  10
833  62
834  56
835  65
836  10
837  56
838  6
839  48
840  39
841  10
842  18
843  5
844  4
845  15
846  5
847  0
848  3
849  20
850  6
851  0
852  0
853  1
854  0
855  0
856  0
857  1
858  15
859  6
860  46
861  37
862  9
863  18
864  4
865  15
866  21
867  2
868  19
869  5
870  13
871  1
872  0
873  0
874  5
875  1
876  0
877  0
878  0
879  3
880  0
881  48
882  54
883  20
884  4
885  53
886  41
887  39
888  56
889  44
890  23
891  4
892  17
893  10
894  9
895  4
896  31
897  13
898  61
899  5
900  13
901  48
902  14
903  18
904  49
905  27
906  35
907  55
908  64
909  43
910  49
911  34
912  26
913  33
914  2
915  13
916  20
917  39
918  2
919  0
920  36
921  16
922  24
923  26
924  61
925  32
926  15
927  2
928  0
929  0
930  0
931  0
932  0
933  1
934  0
935  0
936  0
937  0
938  0
939  0
940  1
941  3
942  0
943  15
944  0
945  0
946  0
947  3
948  1
949  3
950  5
951  26
952  11
953  0
954  27
955  41
956  124
957  1
958  7
959  54
960  22
961  0
962  0
963  83
964  6
965  33
966  91
967  51
968  32
969  75
970  14
971  88
972  24
973  86
974  2
975  65
976  28
977  36
978  22
979  48
980  18
981  49
982  16
983  34
984  32
985  18
986  1
987  0
988  0
989  1
990  5
991  0
992  1
993  0
994  0
995  20
996  7
997  0
998  5
999  0
1000  0
1001  6
1002  0
1003  0
1004  0
1005  29
1006  0
1007  0
1008  14
1009  2
1010  0
1011  8
1012  1
1013  22
1014  6
1015  11
1016  1
1017  26
1018  0
1019  0
1020  0
1021  0
1022  11
1023  10
1024  5
1025  3
1026  9
1027  5
1028  0
1029  0
1030  1
1031  0
1032  0
1033  0
1034  0
1035  0
1036  6
1037  12
1038  1
1039  9
1040  7
1041  3
1042  4
1043  7
1044  3
1045  28
1046  9
1047  0
1048  0
1049  0
1050  0
1051  0
1052  8
1053  143
1054  0
1055  37
1056  56
1057  9
1058  48
1059  7
1060  131
1061  15
1062  61
1063  47
1064  4
1065  116
1066  79
1067  38
1068  40
1069  29
1070  84
1071  88
1072  114
1073  13
1074  51
1075  60
1076  94
1077  120
1078  42
1079  60
1080  69
1081  47
1082  25
1083  97
1084  80
1085  79
1086  112
1087  58
1088  55
1089  16
1090  44
1091  48
1092  68
1093  68
1094  26
1095  18
1096  15
1097  14
1098  0
1099  94
1100  44
1101  90
1102  61
1103  58
1104  21
1105  14
1106  83
1107  42
1108  59
1109  45
1110  47
1111  58
1112  43
1113  21
1114  16
1115  10
1116  8
1117  4
1118  2
1119  3
1120  0
1121  1
1122  6
1123  7
1124  0
1125  1
1126  11
1127  20
1128  32
1129  45
1130  0
1131  20
1132  44
1133  41
1134  33
1135  23
1136  17
1137  11
1138  15
1139  10
1140  5
1141  0
1142  0
1143  0
1144  0
1145  0
1146  53
1147  0
1148  56
1149  16
1150  119
1151  95
1152  116
1153  143
1154  105
1155  46
1156  75
1157  81
1158  70
1159  56
1160  26
1161  63
1162  75
1163  92
1164  35
1165  55
1166  93
1167  71
1168  34
1169  33
1170  51
1171  5
1172  6
1173  6
1174  2
1175  8
1176  2
1177  3
1178  20
1179  0
1180  0
1181  7
1182  2
1183  0
1184  17
1185  6
1186  1
1187  0
1188  0
1189  12
1190  4
1191  0
1192  36
1193  11
1194  8
1195  63
1196  197
1197  124
1198  70
1199  197
1200  74
1201  27
1202  139
1203  11
1204  155
1205  154
1206  57
1207  20
1208  58
1209  21
1210  123
1211  56
1212  151
1213  250
1214  113
1215  253
1216  24
1217  132
1218  155
1219  89
1220  54
1221  204
1222  174
1223  34
1224  34
1225  295
1226  248
1227  49
1228  47
1229  43
1230  79
1231  205
1232  142
1233  34
1234  82
1235  143
1236  137
1237  7
1238  290
1239  278
1240  188
1241  223
1242  255
1243  186
1244  41
1245  37
1246  153
1247  143
1248  56
1249  56
1250  109
1251  70
1252  125
1253  98
1254  161
1255  58
1256  124
1257  75
1258  82
1259  71
1260  38
1261  50
1262  13
1263  172
1264  11
1265  130
1266  9
1267  110
1268  23
1269  94
1270  49
1271  123
1272  38
1273  77
1274  97
1275  24
1276  41
1277  52
1278  114
1279  21
1280  49
1281  60
1282  42
1283  44
1284  51
1285  31
1286  37
1287  10
1288  7
1289  9
1290  11
1291  18
1292  11
1293  13
1294  24
1295  3
1296  3
1297  11
1298  8
1299  0
1300  0
1301  0
1302  0
1303  0
1304  0
1305  0
1306  0
1307  28
1308  9
1309  8
1310  5
1311  1
1312  5
1313  5
1314  4
1315  0
1316  4
1317  0
1318  0
1319  0
1320  0
1321  9
1322  42
1323  40
1324  5
1325  70
1326  30
1327  9
1328  41
1329  41
1330  22
1331  25
1332  12
1333  33
1334  7
1335  20
1336  1
1337  11
1338  0
1339  0
1340  9
1341  1
1342  1
1343  2
1344  8
1345  15
1346  26
1347  4
1348  0
1349  0
1350  0
1351  0
1352  0
1353  20
1354  3
1355  0
1356  33
1357  3
1358  39
1359  10
1360  8
1361  9
1362  103
1363  60
1364  242
1365  119
1366  11
1367  62
1368  41
1369  124
1370  53
1371  264
1372  119
1373  32
1374  210
1375  39
1376  234
1377  77
1378  186
1379  79
1380  16
1381  80
1382  44
1383  47
1384  13
1385  180
1386  112
1387  54
1388  269
1389  113
1390  43
1391  191
1392  77
1393  17
1394  21
1395  124
1396  60
1397  84
1398  96
1399  231
1400  33
1401  34
1402  58
1403  146
1404  65
1405  109
1406  132
1407  10
1408  144
1409  195
1410  67
1411  1
1412  168
1413  74
1414  5
1415  98
1416  45
1417  15
1418  92
1419  35
1420  32
1421  88
1422  110
1423  66
1424  89
1425  34
1426  23
1427  52
1428  72
1429  50
1430  66
1431  37
1432  14
1433  11
1434  47
1435  9
1436  19
1437  17
1438  24
1439  0
1440  1
1441  12
1442  25
1443  43
1444  43
1445  3
1446  24
1447  7
1448  14
1449  2
1450  4
1451  26
1452  35
1453  39
1454  21
1455  3
1456  16
1457  8
1458  33
1459  62
1460  39
1461  28
1462  16
1463  3
1464  20
1465  10
1466  6
1467  20
1468  194
1469  183
1470  289
1471  50
1472  35
1473  26
1474  162
1475  202
1476  53
1477  205
1478  184
1479  293
1480  78
1481  160
1482  106
1483  211
1484  173
1485  134
1486  247
1487  180
1488  396
1489  46
1490  46
1491  86
1492  175
1493  151
1494  113
1495  105
1496  121
1497  69
1498  134
1499  153
1500  121
1501  126
1502  263
1503  88
1504  120
1505  53
1506  30
1507  47
1508  122
1509  22
1510  166
1511  274
1512  164
1513  385
1514  10
1515  117
1516  249
1517  61
1518  96
1519  269
1520  137
1521  213
1522  104
1523  69
1524  28
1525  35
1526  233
1527  167
1528  103
1529  49
1530  122
1531  175
1532  144
1533  145
1534  188
1535  55
1536  84
1537  151
1538  121
1539  341
1540  198
1541  18
1542  30
1543  365
1544  118
1545  187
1546  163
1547  75
1548  65
1549  150
1550  124
1551  40
1552  280
1553  167
1554  174
1555  7
1556  186
1557  90
1558  148
1559  90
1560  98
1561  230
1562  61
1563  48
1564  39
1565  198
1566  22
1567  99
1568  57
1569  235
1570  259
1571  0
1572  35
1573  187
1574  595
1575  229
1576  72
1577  171
1578  308
1579  402
1580  233
1581  127
1582  85
1583  105
1584  288
1585  578
1586  62
1587  96
1588  158
1589  373
1590  73
1591  365
1592  41
1593  144
1594  647
1595  164
1596  181
1597  172
1598  182
1599  357
1600  438
1601  136
1602  267
1603  556
1604  113
1605  83
1606  59
1607  162
1608  302
1609  702
1610  146
1611  93
1612  241
1613  168
1614  88
1615  451
1616  160
1617  345
1618  76
1619  58
1620  169
1621  129
1622  450
1623  316
1624  76
1625  24
1626  241
1627  299
1628  472
1629  89
1630  581
1631  125
1632  160
1633  141
1634  403
1635  381
1636  76
1637  424
1638  180
1639  53
1640  409
1641  193
1642  153
1643  3
1644  252
1645  65
1646  302
1647  318
1648  309
1649  466
1650  22
1651  251
1652  140
1653  214
1654  173
1655  579
1656  206
1657  137
1658  24
1659  349
1660  60
1661  174
1662  89
1663  170
1664  172
1665  224
1666  295
1667  370
1668  86
1669  65
1670  128
1671  344
1672  38
1673  155
1674  297
1675  319
1676  578
1677  400
1678  151
1679  309
1680  645
1681  560
1682  137
1683  428
1684  2
1685  148
1686  126
1687  450
1688  152
1689  129
1690  435
1691  165
1692  472
1693  418
1694  372
1695  411
1696  473
1697  450
1698  563
1699  125
1700  642
1701  134
1702  217
1703  48
1704  158
1705  498
1706  538
1707  341
1708  301
1709  353
1710  2
1711  202
1712  321
1713  51
1714  122
1715  541
1716  188
1717  106
1718  123
1719  193
1720  75
1721  370
1722  358
1723  43
1724  231
1725  309
1726  442
1727  339
1728  178
1729  315
1730  65
1731  23
1732  143
1733  253
1734  290
1735  67
1736  174
1737  12
1738  27
1739  90
1740  101
1741  108
1742  185
1743  167
1744  215
1745  170
1746  219
1747  101
1748  142
1749  142
1750  66
1751  106
1752  65
1753  146
1754  192
1755  113
1756  93
1757  104
1758  16
1759  183
1760  124
1761  126
1762  53
1763  27
1764  36
1765  154
1766  10
1767  43
1768  14
1769  73
1770  80
1771  40
1772  17
1773  35
1774  62
1775  72
1776  82
1777  59
1778  57
1779  28
1780  30
1781  30
1782  12
1783  25
1784  15
1785  26
1786  32
1787  23
1788  36
1789  14
1790  1
1791  17
1792  2
1793  0
1794  7
1795  3
1796  1
1797  0
1798  0
1799  11
1800  1
1801  0
1802  0
1803  14
1804  5
1805  4
1806  2
1807  3
1808  0
1809  1
1810  0
1811  0
1812  1
1813  4
1814  0
1815  1
1816  3
1817  28
1818  1
1819  15
1820  6
1821  7
1822  19
1823  0
1824  0
1825  0
1826  0
1827  0
1828  0
1829  3
1830  5
1831  0
1832  1
1833  2
1834  0
1835  0
1836  5
1837  0
1838  0
1839  0
1840  0
1841  0
1842  0
1843  10
1844  0
1845  0
1846  22
1847  15
1848  6
1849  20
1850  8
1851  15
1852  5
1853  9
1854  23
1855  0
1856  1
1857  2
1858  18
1859  1
1860  4
1861  18
1862  10
1863  0
1864  2
1865  0
1866  26
1867  34
1868  0
1869  2
1870  1
1871  0
1872  0
1873  0
1874  0
1875  2
1876  0
1877  0
1878  0
1879  1
1880  0
1881  0
1882  0
1883  0
1884  0
1885  0
1886  0
1887  0
1888  1
1889  0
1890  0
1891  0
1892  0
1893  0
1894  0
1895  3
1896  0
1897  0
1898  1
1899  49
1900  66
1901  4
1902  23
1903  2
1904  80
1905  71
1906  112
1907  22
1908  38
1909  45
1910  31
1911  118
1912  42
1913  34
1914  34
1915  130
1916  14
1917  25
1918  15
1919  142
1920  44
1921  152
1922  62
1923  121
1924  59
1925  56
1926  134
1927  81
1928  106
1929  113
1930  45
1931  11
1932  103
1933  30
1934  47
1935  65
1936  41
1937  11
1938  70
1939  35
1940  77
1941  12
1942  23
1943  58
1944  35
1945  41
1946  0
1947  9
1948  0
1949  11
1950  2
1951  5
1952  3
1953  20
1954  3
1955  0
1956  0
1957  0
1958  3
1959  0
1960  5
1961  0
1962  63
1963  3
1964  6
1965  6
1966  81
1967  22
1968  82
1969  43
1970  41
1971  78
1972  23
1973  42
1974  96
1975  72
1976  157
1977  106
1978  58
1979  47
1980  35
1981  70
1982  16
1983  48
1984  36
1985  19
1986  25
1987  24
1988  9
1989  17
1990  15
1991  8
1993  48
1994  43
1995  71
1996  60
1998  50
2001  16
2002  40
2003  30
