-------New SIM
31  22
36  7
38  25
39  15
40  8
41  22
45  20
46  29
47  6
48  13
49  111
50  59
51  32
52  12
53  8
54  23
55  14
56  42
57  12
58  146
59  85
60  1
61  41
62  31
63  196
64  13
65  89
66  61
67  153
68  48
69  36
70  49
71  169
72  50
73  25
74  140
75  108
76  108
77  88
78  49
79  74
80  20
81  96
82  67
83  49
84  56
85  78
86  25
87  22
88  7
89  6
90  29
91  11
92  4
93  0
94  0
95  0
96  0
97  0
98  25
99  0
100  135
101  38
102  11
103  6
104  6
105  13
106  23
107  252
108  11
109  16
110  12
111  173
112  28
113  116
114  56
115  38
116  71
117  3
118  160
119  112
120  7
121  153
122  163
123  86
124  140
125  122
126  118
127  105
128  108
129  142
130  100
131  117
132  60
133  107
134  98
135  85
136  81
137  72
138  16
139  0
140  0
141  0
142  19
143  0
144  24
145  20
146  18
147  31
148  7
149  20
150  22
151  0
152  1
153  0
154  3
155  0
156  1
157  2
158  0
159  0
160  13
161  1
162  0
163  8
164  0
165  14
166  23
167  11
168  11
169  21
170  13
171  16
172  59
173  22
174  14
175  5
176  12
177  15
178  0
179  5
180  11
181  8
182  0
183  2
184  8
185  4
186  0
187  1
188  5
189  0
190  0
191  0
192  0
193  7
194  0
195  0
196  7
197  2
198  0
199  0
200  1
201  1
202  6
203  71
204  1
205  42
206  98
207  14
208  118
209  40
210  105
211  58
212  52
213  55
214  73
215  88
216  37
217  56
218  21
219  13
220  27
221  28
222  9
223  24
224  3
225  10
226  26
227  16
228  2
229  23
230  0
231  10
232  7
233  15
234  1
235  0
236  27
237  7
238  15
239  1
240  8
241  11
242  9
243  0
244  1
245  0
246  0
247  16
248  0
249  1
250  6
251  5
252  21
253  59
254  3
255  3
256  89
257  5
258  33
259  0
260  8
261  3
262  50
263  69
264  38
265  110
266  62
267  4
268  91
269  99
270  88
271  23
272  25
273  29
274  48
275  71
276  38
277  11
278  41
279  10
280  12
281  4
282  0
283  0
284  0
285  0
286  0
287  0
288  0
289  15
290  24
291  13
292  9
293  20
294  18
295  3
296  23
297  5
298  14
299  10
300  10
301  0
302  5
303  3
304  0
305  0
306  0
307  0
308  29
309  29
310  53
311  43
312  34
313  29
314  55
315  55
316  30
317  43
318  3
319  0
320  7
321  0
322  19
323  0
324  1
325  10
326  3
327  25
328  3
329  10
330  2
331  2
332  14
333  4
334  7
335  5
336  0
337  0
338  0
339  0
340  1
341  0
342  0
343  0
344  0
345  0
346  0
347  0
348  4
349  0
350  0
351  7
352  1
353  88
354  7
355  48
356  34
357  46
358  3
359  77
360  78
361  38
362  40
363  55
364  11
365  18
366  13
367  50
368  4
369  6
370  18
371  3
372  22
373  10
374  2
375  17
376  16
377  13
378  18
379  4
380  0
381  0
382  0
383  0
384  0
385  0
386  0
387  0
388  0
389  11
390  7
391  7
392  14
393  21
394  32
395  11
396  12
397  13
398  10
399  16
400  4
401  1
402  0
403  0
404  3
405  0
406  0
407  0
408  0
409  14
410  18
411  4
412  70
413  122
414  143
415  18
416  45
417  160
418  116
419  70
420  84
421  61
422  91
423  58
424  59
425  29
426  82
427  49
428  54
429  41
430  14
431  36
432  27
433  12
434  22
435  33
436  21
437  2
438  3
439  3
440  2
441  0
442  0
443  0
444  0
445  0
446  2
447  59
448  0
449  1
450  19
451  20
452  2
453  2
454  0
455  1
456  69
457  14
458  5
459  46
460  0
461  5
462  20
463  71
464  78
465  62
466  112
467  124
468  81
469  78
470  54
471  180
472  115
473  146
474  172
475  123
476  145
477  3
478  16
479  13
480  2
481  55
482  149
483  50
484  54
485  68
486  68
487  119
488  58
489  41
490  63
491  45
492  36
493  50
494  48
495  13
496  11
497  0
498  7
499  0
500  49
501  33
502  63
503  29
504  8
505  16
506  28
507  19
508  30
509  27
510  9
511  14
512  12
513  30
514  14
515  1
516  0
517  1
518  1
519  0
520  3
521  8
522  1
523  36
524  0
525  11
526  0
527  20
528  32
529  44
530  28
531  23
532  9
533  33
534  2
535  0
536  0
537  0
538  0
539  0
540  0
541  0
542  4
543  0
544  9
545  26
546  34
547  49
548  41
549  47
550  29
551  50
552  8
553  28
554  26
555  11
556  3
557  68
558  2
559  0
560  72
561  44
562  19
563  2
564  47
565  13
566  68
567  29
568  90
569  41
570  61
571  11
572  3
573  32
574  39
575  6
576  10
577  23
578  40
579  47
580  0
581  21
582  16
583  36
584  106
585  124
586  85
587  177
588  102
589  126
590  141
591  49
592  124
593  141
594  64
595  4
596  82
597  112
598  74
599  42
600  79
601  59
602  106
603  73
604  93
605  60
606  59
607  68
608  9
609  22
610  3
611  9
612  24
613  0
614  8
615  1
616  0
617  0
618  0
619  0
620  0
621  0
622  0
623  1
624  2
625  1
626  0
627  0
628  0
629  0
630  0
631  0
632  0
633  5
634  0
635  0
636  0
637  19
638  7
639  0
640  8
641  16
642  1
643  17
644  16
645  2
646  7
647  3
648  5
649  2
650  5
651  10
652  8
653  10
654  7
655  16
656  4
657  10
658  4
659  12
660  14
661  25
662  18
663  11
664  23
665  26
666  15
667  10
668  23
669  1
670  0
671  43
672  4
673  2
674  22
675  6
676  24
677  46
678  207
679  110
680  29
681  59
682  56
683  35
684  139
685  517
686  42
687  108
688  212
689  205
690  73
691  34
692  61
693  59
694  185
695  192
696  250
697  109
698  128
699  310
700  190
701  105
702  250
703  78
704  278
705  304
706  47
707  53
708  337
709  182
710  105
711  252
712  291
713  127
714  82
715  60
716  62
717  34
718  53
719  9
720  222
721  173
722  368
723  150
724  37
725  239
726  85
727  164
728  64
729  111
730  49
731  58
732  186
733  296
734  134
735  36
736  218
737  305
738  274
739  101
740  241
741  288
742  18
743  133
744  88
745  112
746  90
747  89
748  203
749  24
750  70
751  45
752  81
753  63
754  37
755  118
756  53
757  92
758  70
759  93
760  103
761  89
762  50
763  57
764  6
765  4
766  7
767  3
768  0
769  1
770  2
771  7
772  18
773  10
774  3
775  0
776  3
777  0
778  0
779  4
780  12
781  15
782  5
783  38
784  19
785  13
786  13
787  10
788  2
789  1
790  2
791  0
792  9
793  3
794  13
795  0
796  0
797  0
798  0
799  0
800  1
801  9
802  1
803  0
804  3
805  0
806  0
807  3
808  1
809  3
810  0
811  4
812  7
813  4
814  7
815  9
816  0
817  2
818  7
819  0
820  0
821  0
822  0
823  0
824  0
825  1
826  5
827  3
828  0
829  0
830  0
831  1
832  0
833  1
834  0
835  0
836  2
837  0
838  0
839  0
840  0
841  0
842  0
843  0
844  0
845  0
846  2
847  0
848  0
849  0
850  4
851  0
852  3
853  164
854  1
855  19
856  1
857  204
858  200
859  9
860  167
861  299
862  160
863  60
864  8
865  185
866  91
867  80
868  163
869  178
870  115
871  57
872  30
873  25
874  172
875  125
876  67
877  204
878  56
879  258
880  36
881  81
882  183
883  163
884  43
885  227
886  85
887  193
888  99
889  71
890  132
891  50
892  138
893  113
894  65
895  130
896  41
897  102
898  113
899  47
900  88
901  54
902  52
903  50
904  14
905  18
906  23
907  31
908  0
909  0
910  0
911  1
912  6
913  1
914  7
915  6
916  15
917  0
918  10
919  5
920  9
921  5
922  1
923  0
924  2
925  7
926  0
927  0
928  0
929  0
930  0
931  0
932  0
933  57
934  48
935  3
936  46
937  12
938  1
939  24
940  26
941  21
942  28
943  10
944  6
945  15
946  15
947  20
948  22
949  0
950  1
951  0
952  25
953  176
954  94
955  155
956  12
957  100
958  30
959  152
960  70
961  140
962  155
963  77
964  33
965  62
966  32
967  45
968  119
969  74
970  76
971  77
972  54
973  76
974  72
975  57
976  10
977  55
978  37
979  33
980  20
981  5
982  0
983  0
984  0
985  0
986  0
987  0
988  0
989  0
990  0
991  0
992  0
993  0
994  0
995  0
996  0
997  0
998  0
999  0
1000  0
1001  0
1002  48
1003  1
1004  0
1005  51
1006  65
1007  66
1008  37
1009  111
1010  46
1011  65
1012  16
1013  21
1014  37
1015  51
1016  9
1017  42
1018  24
1019  3
1020  12
1021  16
1022  17
1023  18
1024  2
1025  21
1026  19
1027  0
1028  5
1029  1
1030  6
1031  12
1032  0
1033  9
1034  0
1035  0
1036  0
1037  0
1038  0
1039  0
1040  0
1041  0
1042  12
1043  7
1044  0
1045  0
1046  8
1047  0
1048  0
1049  0
1050  0
1051  0
1052  0
1053  1
1054  1
1055  1
1056  0
1057  1
1058  0
1059  0
1060  0
1061  0
1062  9
1063  0
1064  0
1065  1
1066  7
1067  0
1068  0
1069  0
1070  0
1071  0
1072  0
1073  2
1074  13
1075  30
1076  4
1077  11
1078  10
1079  38
1080  32
1081  15
1082  1
1083  15
1084  9
1085  0
1086  0
1087  72
1088  21
1089  5
1090  0
1091  47
1092  12
1093  0
1094  76
1095  43
1096  95
1097  40
1098  22
1099  96
1100  43
1101  47
1102  75
1103  60
1104  12
1105  2
1106  37
1107  53
1108  21
1109  21
1110  9
1111  15
1112  10
1113  1
1114  0
1115  4
1116  4
1117  8
1118  2
1119  0
1120  0
1121  0
1122  0
1123  0
1124  1
1125  0
1126  0
1127  0
1128  0
1129  1
1130  25
1131  17
1132  25
1133  19
1134  8
1135  20
1136  9
1137  4
1138  14
1139  7
1140  71
1141  7
1142  113
1143  65
1144  46
1145  5
1146  28
1147  125
1148  23
1149  17
1150  99
1151  131
1152  33
1153  56
1154  105
1155  24
1156  86
1157  77
1158  80
1159  100
1160  81
1161  81
1162  33
1163  49
1164  3
1165  59
1166  40
1167  67
1168  9
1169  23
1170  19
1171  19
1172  9
1173  14
1174  16
1175  21
1176  7
1177  32
1178  18
1179  0
1180  5
1181  2
1182  3
1183  0
1184  10
1185  2
1186  0
1187  2
1188  6
1189  10
1190  2
1191  17
1192  0
1193  0
1194  0
1195  0
1196  0
1197  0
1198  0
1199  10
1200  0
1201  1
1202  1
1203  9
1204  6
1205  9
1206  7
1207  0
1208  3
1209  5
1210  0
1211  43
1212  46
1213  17
1214  4
1215  44
1216  40
1217  12
1218  31
1219  34
1220  31
1221  38
1222  9
1223  6
1224  29
1225  17
1226  2
1227  5
1228  1
1229  1
1230  0
1231  0
1232  0
1233  0
1234  0
1235  0
1236  1
1237  0
1238  19
1239  5
1240  8
1241  0
1242  11
1243  6
1244  6
1245  21
1246  30
1247  37
1248  0
1249  40
1250  89
1251  75
1252  44
1253  6
1254  65
1255  7
1256  48
1257  28
1258  58
1259  53
1260  16
1261  17
1262  14
1263  25
1264  43
1265  19
1266  18
1267  27
1268  11
1269  11
1270  0
1271  0
1272  12
1273  0
1274  23
1275  0
1276  52
1277  5
1278  41
1279  56
1280  51
1281  30
1282  40
1283  36
1284  15
1285  37
1286  6
1287  17
1288  12
1289  6
1290  13
1291  19
1292  0
1293  13
1294  11
1295  26
1296  13
1297  10
1298  1
1299  15
1300  12
1301  0
1302  23
1303  10
1304  9
1305  19
1306  12
1307  11
1308  0
1309  0
1310  3
1311  4
1312  6
1313  9
1314  0
1315  0
1316  1
1317  0
1318  0
1319  7
1320  12
1321  0
1322  9
1323  4
1324  8
1325  1
1326  11
1327  0
1328  0
1329  0
1330  12
1331  0
1332  4
1333  10
1334  2
1335  10
1336  3
1337  4
1338  1
1339  0
1340  0
1341  2
1342  9
1343  0
1344  1
1345  0
1346  4
1347  10
1348  0
1349  0
1350  0
1351  0
1352  5
1353  39
1354  13
1355  29
1356  40
1357  41
1358  22
1359  2
1360  3
1361  0
1362  0
1363  0
1364  0
1365  0
1366  0
1367  0
1368  14
1369  0
1370  0
1371  4
1372  6
1373  8
1374  0
1375  0
1376  0
1377  7
1378  0
1379  0
1380  9
1381  10
1382  352
1383  146
1384  123
1385  11
1386  276
1387  141
1388  346
1389  52
1390  166
1391  294
1392  168
1393  181
1394  33
1395  56
1396  62
1397  41
1398  116
1399  189
1400  262
1401  109
1402  74
1403  82
1404  96
1405  73
1406  5
1407  156
1408  64
1409  231
1410  169
1411  104
1412  203
1413  44
1414  29
1415  185
1416  7
1417  119
1418  70
1419  90
1420  191
1421  72
1422  37
1423  45
1424  91
1425  72
1426  65
1427  66
1428  49
1429  32
1430  10
1431  87
1432  20
1433  18
1434  59
1435  0
1436  61
1437  64
1438  52
1439  42
1440  23
1441  16
1442  17
1443  37
1444  9
1445  19
1446  19
1447  6
1448  0
1449  7
1450  1
1451  0
1452  0
1453  18
1454  4
1455  15
1456  1
1457  0
1458  13
1459  0
1460  35
1461  12
1462  0
1463  44
1464  0
1465  12
1466  30
1467  0
1468  1
1469  2
1470  18
1471  0
1472  24
1473  8
1474  12
1475  12
1476  27
1477  7
1478  27
1479  17
1480  4
1481  2
1482  12
1483  1
1484  10
1485  35
1486  25
1487  21
1488  9
1489  1
1490  13
1491  9
1492  1
1493  12
1494  9
1495  18
1496  1
1497  8
1498  2
1499  0
1500  0
1501  0
1502  24
1503  0
1504  118
1505  0
1506  18
1507  70
1508  108
1509  24
1510  168
1511  64
1512  75
1513  35
1514  16
1515  144
1516  90
1517  162
1518  84
1519  65
1520  31
1521  52
1522  73
1523  40
1524  161
1525  86
1526  123
1527  131
1528  68
1529  45
1530  90
1531  64
1532  101
1533  71
1534  52
1535  115
1536  68
1537  69
1538  43
1539  8
1540  33
1541  38
1542  31
1543  6
1544  1
1545  3
1546  18
1547  7
1548  9
1549  22
1550  11
1551  4
1552  0
1553  10
1554  0
1555  8
1556  43
1557  0
1558  0
1559  30
1560  41
1561  29
1562  11
1563  7
1564  2
1565  7
1566  1
1567  0
1568  0
1569  3
1570  8
1571  6
1572  7
1573  0
1574  0
1575  0
1576  0
1577  2
1578  6
1579  6
1580  2
1581  3
1582  6
1583  0
1584  5
1585  12
1586  0
1587  5
1588  0
1589  11
1590  36
1591  5
1592  54
1593  88
1594  8
1595  64
1596  81
1597  69
1598  67
1599  52
1600  11
1601  66
1602  17
1603  49
1604  100
1605  51
1606  83
1607  134
1608  27
1609  54
1610  20
1611  33
1612  2
1613  37
1614  178
1615  74
1616  156
1617  41
1618  148
1619  38
1620  47
1621  38
1622  20
1623  283
1624  5
1625  233
1626  28
1627  219
1628  106
1629  247
1630  13
1631  84
1632  56
1633  104
1634  49
1635  32
1636  228
1637  183
1638  102
1639  24
1640  124
1641  67
1642  34
1643  135
1644  40
1645  24
1646  2
1647  38
1648  124
1649  111
1650  143
1651  96
1652  81
1653  58
1654  21
1655  65
1656  32
1657  25
1658  33
1659  28
1660  16
1661  1
1662  56
1663  161
1664  91
1665  309
1666  232
1667  57
1668  90
1669  12
1670  58
1671  254
1672  5
1673  55
1674  126
1675  116
1676  220
1677  9
1678  253
1679  211
1680  201
1681  202
1682  25
1683  49
1684  165
1685  213
1686  70
1687  122
1688  221
1689  194
1690  83
1691  225
1692  241
1693  175
1694  67
1695  44
1696  43
1697  190
1698  205
1699  68
1700  138
1701  110
1702  125
1703  151
1704  151
1705  114
1706  141
1707  78
1708  79
1709  18
1710  56
1711  143
1712  38
1713  44
1714  2
1715  157
1716  21
1717  110
1718  21
1719  112
1720  11
1721  53
1722  5
1723  7
1724  46
1725  82
1726  24
1727  3
1728  57
1729  39
1730  30
1731  37
1732  44
1733  37
1734  61
1735  13
1736  27
1737  1
1738  15
1739  4
1740  4
1741  15
1742  8
1743  6
1744  23
1745  48
1746  2
1747  26
1748  162
1749  24
1750  42
1751  13
1752  73
1753  66
1754  28
1755  28
1756  59
1757  16
1758  13
1759  79
1760  63
1761  34
1762  10
1763  15
1764  50
1765  78
1766  23
1767  64
1768  74
1769  18
1770  70
1771  24
1772  42
1773  43
1774  28
1775  51
1776  26
1777  11
1778  1
1779  3
1780  0
1781  1
1782  0
1783  0
1784  1
1785  8
1786  66
1787  0
1788  67
1789  177
1790  57
1791  76
1792  126
1793  76
1794  73
1795  29
1796  35
1797  13
1798  67
1799  50
1800  8
1801  17
1802  13
1803  9
1804  0
1805  30
1806  26
1807  35
1808  40
1809  26
1810  26
1811  6
1812  3
1813  0
1814  150
1815  66
1816  11
1817  34
1818  112
1819  37
1820  88
1821  43
1822  31
1823  62
1824  0
1825  38
1826  95
1827  71
1828  52
1829  53
1830  34
1831  8
1832  7
1833  5
1834  7
1835  0
1836  0
1837  0
1838  2
1839  1
1840  1
1841  18
1842  7
1843  15
1844  24
1845  47
1846  20
1847  12
1848  13
1849  8
1850  1
1851  5
1852  4
1853  9
1854  17
1855  15
1856  9
1857  1
1858  28
1859  35
1860  6
1861  17
1862  32
1863  20
1864  19
1865  28
1866  22
1867  17
1868  0
1869  12
1870  0
1871  0
1872  0
1873  2
1874  3
1875  0
1876  0
1877  10
1878  2
1879  5
1880  1
1881  1
1882  5
1883  0
1884  2
1885  1
1886  4
1887  4
1888  4
1889  4
1890  3
1891  1
1892  6
1893  11
1894  4
1895  2
1896  7
1897  0
1898  7
1899  0
1900  0
1901  82
1902  3
1903  5
1904  82
1905  25
1906  27
1907  30
1908  99
1909  131
1910  2
1911  83
1912  21
1913  111
1914  226
1915  41
1916  127
1917  185
1918  178
1919  76
1920  138
1921  27
1922  170
1923  163
1924  18
1925  67
1926  1
1927  35
1928  149
1929  37
1930  14
1931  101
1932  54
1933  25
1934  62
1935  80
1936  42
1937  73
1938  49
1939  66
1940  25
1941  97
1942  45
1943  24
1944  18
1945  53
1946  29
1947  12
1948  5
1949  57
1950  91
1951  66
1952  57
1953  14
1954  22
1955  65
1956  59
1957  33
1958  23
1959  13
1960  38
1961  39
1962  2
1963  2
1964  1
1965  0
1966  0
1967  0
1968  0
1969  0
1970  13
1971  0
1972  12
1973  7
1974  0
1975  0
1976  0
1977  0
1978  0
1979  0
1980  0
1981  0
1982  0
1983  0
1984  0
1985  0
1986  7
1987  1
1988  16
1989  0
1990  1
1991  8
1992  2
1993  2
1994  15
1995  8
1996  1
1997  10
1998  32
1999  0
2003  15
