-------New SIM
39  2
40  1
41  0
42  19
43  15
44  0
45  7
46  21
47  21
48  16
49  15
50  17
51  8
52  7
53  2
54  0
55  0
56  0
57  1
58  0
59  0
60  0
61  0
62  0
63  0
64  0
65  7
66  3
67  34
68  12
69  26
70  3
71  26
72  6
73  23
74  4
75  0
76  0
77  0
78  0
79  0
80  0
81  22
82  2
83  16
84  32
85  60
86  55
87  12
88  36
89  21
90  27
91  13
92  1
93  6
94  8
95  14
96  2
97  4
98  19
99  27
100  1
101  0
102  4
103  4
104  16
105  2
106  17
107  4
108  2
109  6
110  10
111  2
112  1
113  8
114  8
115  45
116  0
117  24
118  18
119  15
120  9
121  18
122  13
123  2
124  5
125  9
126  5
127  0
128  4
129  0
130  0
131  0
132  13
133  0
134  14
135  14
136  9
137  64
138  41
139  78
140  46
141  0
142  89
143  45
144  54
145  14
146  41
147  9
148  19
149  3
150  68
151  41
152  7
153  2
154  1
155  24
156  42
157  50
158  56
159  39
160  51
161  64
162  34
163  8
164  33
165  6
166  5
167  0
168  16
169  18
170  14
171  47
172  19
173  36
174  11
175  4
176  24
177  14
178  4
179  16
180  15
181  2
182  2
183  1
184  2
185  3
186  1
187  0
188  64
189  40
190  20
191  24
192  1
193  38
194  33
195  50
196  19
197  8
198  2
199  13
200  21
201  43
202  65
203  3
204  16
205  43
206  46
207  28
208  27
209  29
210  26
211  26
212  51
213  42
214  16
215  49
216  26
217  48
218  13
219  22
220  45
221  4
222  12
223  6
224  4
225  6
226  29
227  15
228  6
229  0
230  1
231  0
232  56
233  9
234  9
235  32
236  76
237  48
238  56
239  60
240  14
241  33
242  25
243  72
244  8
245  15
246  14
247  49
248  10
249  23
250  0
251  1
252  3
253  0
254  8
255  2
256  0
257  0
258  234
259  40
260  177
261  86
262  119
263  261
264  161
265  285
266  100
267  99
268  184
269  156
270  12
271  37
272  206
273  34
274  189
275  206
276  141
277  131
278  140
279  7
280  253
281  197
282  86
283  73
284  156
285  269
286  40
287  94
288  165
289  116
290  26
291  36
292  128
293  21
294  140
295  133
296  244
297  150
298  67
299  340
300  56
301  5
302  145
303  12
304  194
305  153
306  275
307  168
308  14
309  301
310  67
311  68
312  187
313  211
314  214
315  41
316  142
317  172
318  275
319  132
320  322
321  14
322  88
323  107
324  266
325  99
326  219
327  128
328  150
329  143
330  78
331  149
332  219
333  62
334  115
335  115
336  153
337  135
338  184
339  159
340  143
341  17
342  128
343  109
344  81
345  36
346  34
347  47
348  117
349  108
350  22
351  39
352  136
353  32
354  64
355  137
356  112
357  76
358  79
359  87
360  15
361  106
362  16
363  79
364  77
365  46
366  71
367  68
368  106
369  61
370  34
371  8
372  22
373  16
374  9
375  15
376  23
377  22
378  1
379  5
380  6
381  3
382  0
383  2
384  10
385  13
386  3
387  4
388  0
389  1
390  1
391  10
392  0
393  0
394  0
395  0
396  0
397  0
398  5
399  4
400  0
401  0
402  0
403  134
404  82
405  3
406  14
407  155
408  56
409  221
410  130
411  31
412  186
413  185
414  195
415  25
416  157
417  131
418  35
419  87
420  56
421  31
422  65
423  55
424  15
425  11
426  35
427  63
428  43
429  36
430  49
431  2
432  78
433  33
434  41
435  42
436  17
437  12
438  1
439  3
440  22
441  10
442  14
443  9
444  64
445  13
446  20
447  51
448  20
449  17
450  11
451  0
452  27
453  68
454  26
455  47
456  66
457  59
458  19
459  46
460  42
461  23
462  38
463  35
464  4
465  5
466  0
467  0
468  0
469  0
470  0
471  0
472  0
473  0
474  0
475  0
476  0
477  0
478  0
479  0
480  55
481  142
482  0
483  49
484  13
485  2
486  73
487  81
488  0
489  1
490  15
491  18
492  86
493  30
494  29
495  50
496  30
497  29
498  95
499  56
500  55
501  93
502  66
503  43
504  37
505  36
506  65
507  42
508  26
509  78
510  26
511  21
512  18
513  61
514  19
515  13
516  48
517  32
518  39
519  19
520  13
521  12
522  19
523  23
524  17
525  12
526  3
527  5
528  0
529  0
530  0
531  0
532  0
533  0
534  0
535  0
536  0
537  0
538  0
539  0
540  0
541  19
542  3
543  5
544  0
545  0
546  3
547  9
548  23
549  18
550  14
551  0
552  4
553  0
554  2
555  3
556  0
557  0
558  0
559  0
560  0
561  0
562  0
563  0
564  28
565  0
566  0
567  5
568  28
569  7
570  35
571  5
572  6
573  24
574  11
575  32
576  19
577  19
578  21
579  17
580  13
581  6
582  18
583  21
584  58
585  3
586  65
587  8
588  24
589  0
590  71
591  27
592  46
593  55
594  38
595  68
596  44
597  72
598  51
599  27
600  81
601  41
602  36
603  38
604  6
605  0
606  9
607  31
608  10
609  15
610  4
611  1
612  8
613  7
614  14
615  15
616  4
617  0
618  0
619  0
620  6
621  0
622  0
623  1
624  23
625  18
626  18
627  0
628  37
629  3
630  18
631  23
632  17
633  15
634  14
635  4
636  10
637  3
638  4
639  6
640  0
641  5
642  2
643  11
644  10
645  0
646  8
647  0
648  0
649  1
650  8
651  11
652  0
653  1
654  21
655  9
656  6
657  65
658  44
659  27
660  0
661  7
662  6
663  7
664  47
665  38
666  15
667  17
668  10
669  2
670  12
671  8
672  0
673  0
674  1
675  0
676  0
677  0
678  0
679  0
680  10
681  6
682  2
683  2
684  2
685  4
686  5
687  5
688  5
689  5
690  13
691  127
692  4
693  56
694  91
695  5
696  20
697  75
698  33
699  90
700  16
701  5
702  31
703  7
704  74
705  81
706  109
707  29
708  50
709  49
710  18
711  12
712  32
713  4
714  177
715  7
716  25
717  12
718  144
719  9
720  54
721  163
722  38
723  59
724  13
725  79
726  148
727  24
728  92
729  49
730  120
731  115
732  19
733  26
734  54
735  45
736  102
737  93
738  53
739  15
740  115
741  67
742  196
743  42
744  56
745  51
746  59
747  89
748  71
749  60
750  11
751  45
752  28
753  48
754  31
755  5
756  25
757  42
758  31
759  27
760  6
761  45
762  12
763  39
764  3
765  7
766  9
767  14
768  3
769  1
770  7
771  2
772  0
773  0
774  4
775  1
776  0
777  1
778  2
779  0
780  2
781  0
782  3
783  0
784  0
785  0
786  0
787  0
788  1
789  7
790  0
791  0
792  11
793  0
794  12
795  17
796  0
797  1
798  0
799  0
800  0
801  0
802  0
803  0
804  0
805  5
806  4
807  9
808  7
809  16
810  0
811  5
812  12
813  9
814  12
815  0
816  0
817  1
818  25
819  2
820  22
821  20
822  15
823  5
824  14
825  10
826  31
827  11
828  21
829  6
830  3
831  5
832  6
833  8
834  11
835  25
836  2
837  5
838  4
839  5
840  59
841  79
842  59
843  129
844  112
845  6
846  54
847  78
848  129
849  142
850  8
851  64
852  116
853  41
854  1
855  26
856  33
857  64
858  6
859  28
860  1
861  12
862  7
863  4
864  2
865  0
866  0
867  0
868  28
869  0
870  17
871  13
872  6
873  24
874  26
875  7
876  0
877  1
878  1
879  0
880  0
881  91
882  1
883  14
884  90
885  4
886  37
887  110
888  48
889  16
890  82
891  49
892  52
893  78
894  95
895  68
896  15
897  3
898  2
899  45
900  5
901  4
902  21
903  23
904  23
905  43
906  63
907  84
908  27
909  5
910  53
911  62
912  1
913  84
914  61
915  73
916  34
917  31
918  50
919  41
920  17
921  45
922  42
923  1
924  22
925  23
926  8
927  25
928  5
929  8
930  3
931  25
932  31
933  34
934  23
935  30
936  8
937  42
938  10
939  3
940  26
941  13
942  9
943  3
944  8
945  1
946  42
947  0
948  36
949  17
950  26
951  15
952  16
953  11
954  15
955  22
956  27
957  22
958  17
959  2
960  0
961  0
962  0
963  0
964  0
965  0
966  0
967  13
968  14
969  10
970  10
971  8
972  6
973  2
974  0
975  3
976  0
977  0
978  1
979  5
980  1
981  1
982  0
983  14
984  0
985  1
986  0
987  2
988  0
989  0
990  0
991  3
992  0
993  1
994  2
995  0
996  2
997  2
998  45
999  0
1000  0
1001  53
1002  0
1003  36
1004  50
1005  50
1006  122
1007  50
1008  22
1009  97
1010  138
1011  117
1012  166
1013  98
1014  25
1015  125
1016  46
1017  11
1018  55
1019  45
1020  63
1021  51
1022  45
1023  22
1024  48
1025  48
1026  79
1027  39
1028  31
1029  30
1030  51
1031  33
1032  27
1033  10
1034  7
1035  2
1036  0
1037  0
1038  3
1039  0
1040  0
1041  1
1042  0
1043  4
1044  1
1045  6
1046  3
1047  22
1048  25
1049  4
1050  42
1051  20
1052  45
1053  9
1054  16
1055  51
1056  5
1057  0
1058  1
1059  1
1060  75
1061  33
1062  58
1063  46
1064  2
1065  70
1066  28
1067  42
1068  51
1069  43
1070  45
1071  22
1072  0
1073  31
1074  20
1075  12
1076  15
1077  37
1078  47
1079  31
1080  8
1081  34
1082  13
1083  10
1084  12
1085  2
1086  24
1087  0
1088  28
1089  6
1090  30
1091  1
1092  2
1093  17
1094  31
1095  35
1096  75
1097  2
1098  43
1099  59
1100  3
1101  66
1102  48
1103  35
1104  41
1105  81
1106  170
1107  112
1108  111
1109  30
1110  32
1111  81
1112  1
1113  4
1114  81
1115  51
1116  108
1117  72
1118  101
1119  58
1120  4
1121  125
1122  32
1123  62
1124  58
1125  55
1126  37
1127  49
1128  8
1129  44
1130  16
1131  45
1132  14
1133  2
1134  3
1135  10
1136  0
1137  20
1138  26
1139  65
1140  0
1141  38
1142  16
1143  4
1144  7
1145  12
1146  3
1147  2
1148  0
1149  20
1150  6
1151  18
1152  0
1153  0
1154  31
1155  0
1156  58
1157  7
1158  151
1159  21
1160  170
1161  57
1162  156
1163  17
1164  141
1165  10
1166  108
1167  155
1168  105
1169  86
1170  22
1171  77
1172  29
1173  9
1174  37
1175  87
1176  64
1177  102
1178  53
1179  70
1180  82
1181  76
1182  41
1183  36
1184  26
1185  0
1186  0
1187  1
1188  0
1189  0
1190  0
1191  1
1192  0
1193  0
1194  0
1195  0
1196  0
1197  0
1198  0
1199  0
1200  66
1201  23
1202  2
1203  0
1204  23
1205  44
1206  136
1207  23
1208  30
1209  21
1210  15
1211  20
1212  6
1213  18
1214  119
1215  78
1216  63
1217  4
1218  62
1219  78
1220  21
1221  38
1222  31
1223  18
1224  67
1225  31
1226  10
1227  29
1228  42
1229  14
1230  75
1231  29
1232  2
1233  8
1234  34
1235  18
1236  38
1237  0
1238  0
1239  17
1240  7
1241  1
1242  2
1243  5
1244  1
1245  0
1246  0
1247  0
1248  0
1249  9
1250  0
1251  0
1252  0
1253  0
1254  0
1255  0
1256  5
1257  0
1258  0
1259  0
1260  0
1261  0
1262  0
1263  0
1264  1
1265  15
1266  0
1267  0
1268  0
1269  11
1270  0
1271  7
1272  0
1273  0
1274  0
1275  0
1276  0
1277  30
1278  0
1279  2
1280  0
1281  0
1282  32
1283  27
1284  16
1285  0
1286  0
1287  1
1288  0
1289  15
1290  0
1291  1
1292  13
1293  17
1294  21
1295  3
1296  6
1297  3
1298  0
1299  0
1300  5
1301  2
1302  6
1303  0
1304  1
1305  20
1306  6
1307  0
1308  4
1309  18
1310  6
1311  4
1312  0
1313  69
1314  47
1315  109
1316  52
1317  16
1318  92
1319  140
1320  49
1321  34
1322  131
1323  91
1324  45
1325  28
1326  47
1327  94
1328  38
1329  21
1330  58
1331  74
1332  38
1333  44
1334  38
1335  47
1336  11
1337  17
1338  19
1339  7
1340  3
1341  27
1342  1
1343  6
1344  12
1345  22
1346  7
1347  1
1348  0
1349  1
1350  90
1351  7
1352  5
1353  1
1354  14
1355  78
1356  65
1357  44
1358  29
1359  42
1360  54
1361  39
1362  11
1363  67
1364  51
1365  24
1366  11
1367  29
1368  15
1369  0
1370  18
1371  19
1372  29
1373  2
1374  17
1375  17
1376  11
1377  5
1378  11
1379  3
1380  2
1381  0
1382  8
1383  0
1384  0
1385  1
1386  2
1387  0
1388  8
1389  0
1390  11
1391  0
1392  0
1393  0
1394  19
1395  22
1396  1
1397  0
1398  5
1399  13
1400  38
1401  0
1402  10
1403  5
1404  4
1405  4
1406  24
1407  1
1408  4
1409  0
1410  1
1411  9
1412  0
1413  3
1414  0
1415  28
1416  1
1417  4
1418  13
1419  88
1420  86
1421  19
1422  9
1423  29
1424  143
1425  91
1426  409
1427  16
1428  63
1429  172
1430  179
1431  125
1432  326
1433  254
1434  116
1435  178
1436  106
1437  301
1438  199
1439  61
1440  224
1441  185
1442  274
1443  211
1444  145
1445  121
1446  145
1447  312
1448  244
1449  169
1450  28
1451  6
1452  220
1453  84
1454  14
1455  177
1456  5
1457  91
1458  135
1459  146
1460  69
1461  127
1462  174
1463  184
1464  134
1465  151
1466  127
1467  167
1468  137
1469  131
1470  73
1471  135
1472  118
1473  62
1474  50
1475  6
1476  0
1477  0
1478  0
1479  6
1480  0
1481  0
1482  7
1483  0
1484  2
1485  19
1486  3
1487  50
1488  8
1489  9
1490  7
1491  20
1492  13
1493  3
1494  11
1495  0
1496  0
1497  0
1498  1
1499  0
1500  0
1501  0
1502  0
1503  0
1504  15
1505  59
1506  92
1507  63
1508  39
1509  100
1510  119
1511  110
1512  67
1513  61
1514  107
1515  212
1516  32
1517  112
1518  50
1519  152
1520  115
1521  134
1522  122
1523  38
1524  50
1525  18
1526  15
1527  71
1528  25
1529  132
1530  82
1531  31
1532  140
1533  44
1534  138
1535  105
1536  26
1537  102
1538  76
1539  65
1540  84
1541  61
1542  17
1543  88
1544  76
1545  52
1546  40
1547  20
1548  64
1549  37
1550  66
1551  26
1552  65
1553  79
1554  26
1555  21
1556  34
1557  36
1558  21
1559  11
1560  15
1561  17
1562  0
1563  0
1564  0
1565  0
1566  0
1567  12
1568  32
1569  0
1570  7
1571  26
1572  17
1573  4
1574  11
1575  15
1576  20
1577  33
1578  4
1579  24
1580  12
1581  9
1582  2
1583  15
1584  5
1585  0
1586  1
1587  0
1588  1
1589  0
1590  0
1591  0
1592  5
1593  0
1594  0
1595  6
1596  0
1597  0
1598  0
1599  0
1600  7
1601  0
1602  2
1603  7
1604  11
1605  0
1606  1
1607  0
1608  19
1609  1
1610  25
1611  8
1612  0
1613  28
1614  7
1615  39
1616  20
1617  22
1618  12
1619  15
1620  25
1621  11
1622  3
1623  19
1624  0
1625  2
1626  1
1627  4
1628  19
1629  8
1630  3
1631  4
1632  0
1633  2
1634  2
1635  9
1636  32
1637  0
1638  7
1639  49
1640  11
1641  7
1642  7
1643  1
1644  0
1645  0
1646  0
1647  0
1648  0
1649  2
1650  27
1651  25
1652  21
1653  22
1654  8
1655  28
1656  13
1657  1
1658  11
1659  168
1660  15
1661  9
1662  7
1663  2
1664  8
1665  0
1666  80
1667  35
1668  152
1669  102
1670  182
1671  57
1672  208
1673  137
1674  140
1675  100
1676  38
1677  132
1678  99
1679  85
1680  13
1681  79
1682  202
1683  161
1684  67
1685  117
1686  104
1687  180
1688  131
1689  129
1690  111
1691  31
1692  51
1693  45
1694  9
1695  84
1696  33
1697  45
1698  15
1699  41
1700  32
1701  16
1702  27
1703  27
1704  0
1705  0
1706  0
1707  0
1708  0
1709  7
1710  8
1711  2
1712  15
1713  0
1714  20
1715  4
1716  9
1717  6
1718  15
1719  1
1720  5
1721  22
1722  40
1723  64
1724  44
1725  0
1726  30
1727  17
1728  53
1729  22
1730  41
1731  19
1732  41
1733  66
1734  78
1735  59
1736  18
1737  28
1738  3
1739  13
1740  3
1741  27
1742  12
1743  8
1744  8
1745  17
1746  33
1747  92
1748  5
1749  109
1750  115
1751  34
1752  77
1753  51
1754  38
1755  8
1756  63
1757  16
1758  52
1759  62
1760  40
1761  78
1762  36
1763  56
1764  14
1765  25
1766  33
1767  14
1768  11
1769  0
1770  0
1771  0
1772  5
1773  7
1774  14
1775  16
1776  2
1777  4
1778  3
1779  6
1780  9
1781  12
1782  3
1783  0
1784  0
1785  0
1786  0
1787  20
1788  0
1789  3
1790  12
1791  24
1792  0
1793  14
1794  11
1795  11
1796  4
1797  58
1798  0
1799  1
1800  3
1801  11
1802  12
1803  125
1804  40
1805  26
1806  7
1807  40
1808  99
1809  106
1810  21
1811  73
1812  50
1813  99
1814  19
1815  13
1816  71
1817  73
1818  46
1819  34
1820  23
1821  18
1822  19
1823  17
1824  1
1825  3
1826  22
1827  3
1828  10
1829  17
1830  4
1831  2
1832  3
1833  0
1834  0
1835  0
1836  0
1837  0
1838  2
1839  75
1840  8
1841  2
1842  1
1843  30
1844  31
1845  0
1846  16
1847  45
1848  42
1849  21
1850  31
1851  18
1852  30
1853  18
1854  22
1855  21
1856  29
1857  7
1858  4
1859  10
1860  80
1861  85
1862  38
1863  112
1864  63
1865  74
1866  64
1867  53
1868  65
1869  55
1870  85
1871  45
1872  51
1873  38
1874  28
1875  49
1876  13
1877  16
1878  17
1879  0
1880  6
1881  23
1882  19
1883  11
1884  0
1885  5
1886  9
1887  4
1888  5
1889  0
1890  0
1891  0
1892  0
1893  13
1894  2
1895  1
1896  0
1897  11
1898  3
1899  1
1900  0
1901  20
1902  2
1903  10
1904  6
1905  6
1906  0
1907  7
1908  11
1909  33
1910  59
1911  4
1912  0
1913  47
1914  38
1915  56
1916  74
1917  34
1918  68
1919  129
1920  2
1921  41
1922  10
1923  6
1924  11
1925  127
1926  17
1927  271
1928  45
1929  15
1930  62
1931  55
1932  55
1933  58
1934  179
1935  40
1936  76
1937  126
1938  178
1939  93
1940  41
1941  167
1942  135
1943  65
1944  13
1945  44
1946  320
1947  114
1948  37
1949  158
1950  31
1951  346
1952  188
1953  32
1954  361
1955  135
1956  68
1957  205
1958  162
1959  35
1960  253
1961  140
1962  65
1963  143
1964  243
1965  91
1966  17
1967  192
1968  125
1969  95
1970  260
1971  72
1972  78
1973  106
1974  123
1975  218
1976  33
1977  82
1978  168
1979  61
1980  126
1981  142
1982  164
1983  173
1984  135
1985  102
1986  114
1987  39
1988  103
1989  123
1990  98
1991  0
1992  55
1993  118
1994  28
1996  68
1997  26
1998  1
1999  35
2001  0
