-------New SIM
38  19
39  16
41  6
42  0
43  11
44  9
45  0
46  1
47  4
48  4
49  0
50  0
51  1
52  4
53  0
54  0
55  17
56  70
57  165
58  35
59  77
60  81
61  94
62  63
63  52
64  84
65  145
66  150
67  61
68  66
69  147
70  68
71  48
72  53
73  39
74  27
75  145
76  23
77  2
78  109
79  1
80  51
81  14
82  66
83  71
84  39
85  39
86  35
87  13
88  9
89  13
90  49
91  39
92  10
93  26
94  61
95  32
96  25
97  2
98  0
99  0
100  0
101  7
102  10
103  7
104  6
105  0
106  0
107  1
108  0
109  0
110  6
111  4
112  1
113  6
114  0
115  2
116  0
117  0
118  3
119  0
120  1
121  3
122  0
123  0
124  0
125  0
126  4
127  0
128  7
129  0
130  0
131  0
132  0
133  4
134  0
135  0
136  0
137  0
138  2
139  0
140  0
141  1
142  37
143  0
144  53
145  62
146  30
147  30
148  29
149  20
150  39
151  29
152  39
153  11
154  12
155  35
156  29
157  16
158  18
159  12
160  19
161  21
162  14
163  7
164  23
165  0
166  2
167  14
168  13
169  27
170  25
171  14
172  10
173  4
174  1
175  6
176  37
177  47
178  25
179  46
180  55
181  18
182  16
183  12
184  45
185  5
186  21
187  3
188  8
189  0
190  0
191  0
192  0
193  0
194  0
195  48
196  19
197  3
198  1
199  25
200  4
201  30
202  21
203  31
204  13
205  40
206  6
207  10
208  18
209  6
210  2
211  3
212  8
213  1
214  3
215  5
216  10
217  1
218  0
219  1
220  1
221  0
222  10
223  0
224  17
225  9
226  3
227  0
228  7
229  11
230  21
231  1
232  0
233  20
234  2
235  0
236  5
237  10
238  8
239  1
240  0
241  14
242  2
243  1
244  4
245  7
246  66
247  37
248  130
249  14
250  126
251  10
252  22
253  11
254  69
255  70
256  74
257  196
258  39
259  56
260  172
261  116
262  156
263  5
264  182
265  108
266  87
267  7
268  197
269  70
270  93
271  76
272  14
273  112
274  47
275  82
276  205
277  44
278  34
279  12
280  43
281  40
282  124
283  102
284  98
285  127
286  91
287  119
288  28
289  110
290  99
291  52
292  68
293  3
294  45
295  69
296  48
297  40
298  56
299  9
300  4
301  4
302  10
303  4
304  8
305  2
306  0
307  7
308  6
309  0
310  46
311  13
312  23
313  26
314  12
315  11
316  17
317  3
318  4
319  5
320  0
321  0
322  0
323  1
324  2
325  4
326  6
327  5
328  4
329  2
330  6
331  0
332  0
333  34
334  0
335  40
336  4
337  3
338  27
339  13
340  54
341  14
342  53
343  30
344  7
345  20
346  3
347  15
348  1
349  7
350  1
351  2
352  0
353  1
354  9
355  8
356  13
357  5
358  4
359  9
360  29
361  2
362  65
363  40
364  66
365  62
366  39
367  28
368  41
369  81
370  25
371  117
372  64
373  46
374  10
375  86
376  13
377  26
378  50
379  22
380  8
381  10
382  38
383  46
384  29
385  25
386  17
387  1
388  0
389  21
390  28
391  96
392  1
393  2
394  71
395  32
396  30
397  7
398  0
399  3
400  56
401  47
402  42
403  17
404  48
405  57
406  17
407  32
408  7
409  12
410  38
411  23
412  18
413  17
414  20
415  13
416  0
417  16
418  0
419  11
420  0
421  2
422  2
423  6
424  20
425  11
426  12
427  1
428  20
429  6
430  0
431  11
432  0
433  0
434  4
435  21
436  24
437  0
438  34
439  15
440  0
441  19
442  13
443  16
444  4
445  77
446  61
447  5
448  11
449  0
450  2
451  11
452  38
453  4
454  5
455  15
456  21
457  23
458  12
459  24
460  18
461  20
462  13
463  31
464  14
465  13
466  6
467  4
468  4
469  2
470  0
471  0
472  2
473  38
474  15
475  13
476  3
477  19
478  30
479  14
480  9
481  9
482  4
483  3
484  8
485  18
486  12
487  0
488  0
489  3
490  19
491  19
492  8
493  1
494  0
495  0
496  0
497  0
498  0
499  0
500  3
501  0
502  0
503  0
504  1
505  2
506  2
507  0
508  18
509  11
510  12
511  6
512  0
513  1
514  28
515  0
516  5
517  0
518  18
519  0
520  20
521  24
522  2
523  18
524  19
525  16
526  0
527  12
528  28
529  4
530  31
531  12
532  44
533  68
534  71
535  10
536  39
537  9
538  10
539  5
540  0
541  43
542  36
543  16
544  5
545  32
546  7
547  23
548  8
549  0
550  10
551  3
552  25
553  10
554  19
555  8
556  17
557  10
558  11
559  16
560  26
561  8
562  19
563  240
564  0
565  213
566  5
567  21
568  96
569  113
570  123
571  302
572  209
573  289
574  115
575  17
576  267
577  144
578  157
579  34
580  186
581  224
582  170
583  163
584  127
585  199
586  180
587  466
588  46
589  50
590  157
591  19
592  13
593  112
594  248
595  120
596  330
597  241
598  254
599  110
600  0
601  80
602  56
603  106
604  271
605  185
606  98
607  116
608  644
609  362
610  347
611  350
612  12
613  204
614  146
615  88
616  154
617  370
618  164
619  425
620  141
621  114
622  127
623  283
624  366
625  197
626  364
627  142
628  190
629  155
630  133
631  188
632  425
633  43
634  270
635  105
636  48
637  201
638  54
639  174
640  320
641  4
642  201
643  250
644  58
645  81
646  44
647  371
648  396
649  23
650  213
651  298
652  215
653  180
654  79
655  155
656  386
657  74
658  105
659  0
660  186
661  72
662  18
663  319
664  201
665  76
666  275
667  173
668  249
669  113
670  46
671  134
672  36
673  125
674  155
675  53
676  14
677  127
678  75
679  212
680  221
681  124
682  222
683  190
684  92
685  114
686  102
687  60
688  33
689  114
690  57
691  59
692  91
693  57
694  52
695  99
696  80
697  42
698  51
699  27
700  27
701  10
702  28
703  6
704  9
705  0
706  0
707  0
708  0
709  0
710  0
711  0
712  0
713  0
714  0
715  0
716  0
717  0
718  0
719  0
720  0
721  0
722  0
723  0
724  0
725  1
726  0
727  0
728  0
729  0
730  0
731  1
732  25
733  6
734  15
735  11
736  6
737  17
738  1
739  0
740  23
741  19
742  25
743  22
744  26
745  8
746  30
747  6
748  1
749  0
750  0
751  8
752  16
753  33
754  25
755  15
756  36
757  26
758  14
759  13
760  5
761  3
762  0
763  0
764  0
765  0
766  0
767  2
768  3
769  1
770  9
771  1
772  0
773  0
774  0
775  0
776  0
777  0
778  0
779  0
780  2
781  1
782  0
783  1
784  2
785  0
786  0
787  0
788  0
789  5
790  0
791  3
792  8
793  57
794  44
795  20
796  50
797  31
798  86
799  25
800  17
801  77
802  6
803  125
804  48
805  30
806  23
807  43
808  21
809  33
810  0
811  23
812  0
813  16
814  37
815  55
816  27
817  16
818  66
819  108
820  29
821  37
822  87
823  18
824  6
825  53
826  4
827  79
828  7
829  86
830  83
831  4
832  113
833  128
834  122
835  67
836  64
837  26
838  42
839  56
840  63
841  50
842  3
843  44
844  37
845  21
846  23
847  3
848  0
849  15
850  13
851  1
852  0
853  0
854  4
855  0
856  12
857  6
858  0
859  2
860  1
861  0
862  3
863  0
864  74
865  0
866  77
867  65
868  19
869  68
870  43
871  73
872  17
873  63
874  50
875  33
876  41
877  37
878  46
879  26
880  36
881  4
882  0
883  0
884  7
885  2
886  1
887  0
888  5
889  47
890  0
891  23
892  2
893  39
894  38
895  51
896  46
897  40
898  45
899  20
900  66
901  7
902  4
903  2
904  3
905  24
906  4
907  15
908  26
909  24
910  37
911  14
912  26
913  3
914  13
915  0
916  3
917  0
918  3
919  0
920  0
921  0
922  17
923  4
924  17
925  30
926  12
927  22
928  6
929  16
930  21
931  10
932  61
933  58
934  32
935  69
936  0
937  51
938  69
939  16
940  21
941  48
942  20
943  20
944  78
945  50
946  75
947  76
948  45
949  29
950  35
951  8
952  42
953  21
954  28
955  12
956  21
957  0
958  13
959  0
960  0
961  5
962  13
963  0
964  0
965  18
966  24
967  17
968  15
969  57
970  8
971  29
972  0
973  9
974  23
975  21
976  12
977  32
978  6
979  2
980  0
981  4
982  0
983  0
984  21
985  31
986  0
987  11
988  38
989  36
990  12
991  17
992  17
993  15
994  9
995  9
996  9
997  15
998  3
999  4
1000  5
1001  14
1002  12
1003  7
1004  3
1005  11
1006  11
1007  10
1008  0
1009  8
1010  28
1011  33
1012  23
1013  21
1014  25
1015  0
1016  17
1017  35
1018  0
1019  5
1020  10
1021  0
1022  3
1023  8
1024  0
1025  4
1026  1
1027  0
1028  2
1029  13
1030  1
1031  8
1032  0
1033  3
1034  9
1035  10
1036  0
1037  0
1038  0
1039  5
1040  0
1041  4
1042  70
1043  6
1044  68
1045  20
1046  12
1047  49
1048  54
1049  84
1050  40
1051  29
1052  44
1053  56
1054  38
1055  54
1056  30
1057  24
1058  5
1059  5
1060  26
1061  0
1062  3
1063  12
1064  7
1065  9
1066  4
1067  24
1068  16
1069  22
1070  9
1071  4
1072  9
1073  8
1074  0
1075  0
1076  6
1077  0
1078  5
1079  0
1080  13
1081  27
1082  4
1083  11
1084  9
1085  0
1086  0
1087  0
1088  0
1089  0
1090  3
1091  0
1092  16
1093  6
1094  69
1095  1
1096  35
1097  8
1098  13
1099  11
1100  6
1101  19
1102  39
1103  38
1104  144
1105  33
1106  30
1107  0
1108  37
1109  22
1110  33
1111  33
1112  17
1113  36
1114  0
1115  0
1116  11
1117  22
1118  16
1119  31
1120  56
1121  10
1122  50
1123  76
1124  35
1125  96
1126  87
1127  111
1128  101
1129  89
1130  25
1131  27
1132  98
1133  41
1134  24
1135  22
1136  68
1137  11
1138  33
1139  28
1140  21
1141  22
1142  11
1143  0
1144  0
1145  0
1146  0
1147  0
1148  0
1149  20
1150  35
1151  32
1152  15
1153  34
1154  29
1155  56
1156  44
1157  44
1158  24
1159  12
1160  2
1161  13
1162  17
1163  29
1164  27
1165  26
1166  8
1167  3
1168  14
1169  19
1170  4
1171  0
1172  0
1173  3
1174  16
1175  45
1176  12
1177  57
1178  12
1179  46
1180  18
1181  57
1182  24
1183  23
1184  2
1185  8
1186  16
1187  5
1188  1
1189  17
1190  6
1191  3
1192  5
1193  14
1194  8
1195  17
1196  5
1197  12
1198  12
1199  4
1200  2
1201  3
1202  42
1203  6
1204  93
1205  16
1206  15
1207  28
1208  42
1209  11
1210  59
1211  77
1212  53
1213  0
1214  12
1215  32
1216  61
1217  18
1218  31
1219  25
1220  0
1221  13
1222  4
1223  0
1224  21
1225  24
1226  29
1227  7
1228  21
1229  13
1230  9
1231  0
1232  0
1233  0
1234  0
1235  0
1236  2
1237  0
1238  0
1239  1
1240  0
1241  0
1242  0
1243  1
1244  0
1245  2
1246  0
1247  0
1248  0
1249  8
1250  0
1251  0
1252  0
1253  24
1254  47
1255  4
1256  68
1257  111
1258  73
1259  64
1260  67
1261  67
1262  31
1263  49
1264  14
1265  6
1266  29
1267  46
1268  3
1269  19
1270  15
1271  18
1272  0
1273  17
1274  15
1275  5
1276  0
1277  1
1278  0
1279  87
1280  1
1281  0
1282  105
1283  53
1284  105
1285  50
1286  28
1287  72
1288  82
1289  78
1290  105
1291  107
1292  71
1293  72
1294  62
1295  79
1296  22
1297  28
1298  0
1299  11
1300  8
1301  0
1302  34
1303  6
1304  1
1305  2
1306  1
1307  0
1308  37
1309  37
1310  17
1311  8
1312  46
1313  21
1314  23
1315  29
1316  20
1317  21
1318  5
1319  3
1320  1
1321  16
1322  4
1323  6
1324  16
1325  40
1326  13
1327  0
1328  10
1329  4
1330  1
1331  0
1332  15
1333  2
1334  0
1335  4
1336  7
1337  0
1338  43
1339  0
1340  67
1341  30
1342  6
1343  48
1344  13
1345  31
1346  15
1347  10
1348  49
1349  1
1350  26
1351  20
1352  0
1353  40
1354  10
1355  30
1356  12
1357  11
1358  3
1359  0
1360  0
1361  0
1362  0
1363  0
1364  0
1365  0
1366  1
1367  53
1368  3
1369  68
1370  41
1371  27
1372  49
1373  138
1374  11
1375  72
1376  46
1377  49
1378  107
1379  43
1380  11
1381  59
1382  88
1383  66
1384  19
1385  54
1386  26
1387  35
1388  32
1389  38
1390  22
1391  9
1392  12
1393  28
1394  10
1395  6
1396  13
1397  2
1398  4
1399  9
1400  13
1401  8
1402  7
1403  0
1404  1
1405  15
1406  2
1407  15
1408  5
1409  12
1410  0
1411  1
1412  3
1413  10
1414  5
1415  1
1416  1
1417  4
1418  4
1419  0
1420  4
1421  8
1422  0
1423  4
1424  3
1425  0
1426  0
1427  10
1428  0
1429  8
1430  7
1431  1
1432  1
1433  0
1434  0
1435  4
1436  0
1437  0
1438  0
1439  0
1440  4
1441  1
1442  0
1443  0
1444  2
1445  2
1446  0
1447  135
1448  4
1449  109
1450  2
1451  54
1452  98
1453  35
1454  178
1455  102
1456  169
1457  80
1458  4
1459  69
1460  192
1461  126
1462  9
1463  83
1464  76
1465  61
1466  227
1467  61
1468  119
1469  52
1470  76
1471  180
1472  150
1473  86
1474  41
1475  56
1476  135
1477  96
1478  81
1479  36
1480  79
1481  19
1482  9
1483  19
1484  144
1485  134
1486  80
1487  100
1488  104
1489  171
1490  97
1491  103
1492  121
1493  46
1494  161
1495  30
1496  87
1497  37
1498  125
1499  90
1500  44
1501  67
1502  77
1503  67
1504  57
1505  35
1506  79
1507  80
1508  51
1509  33
1510  72
1511  15
1512  9
1513  7
1514  0
1515  0
1516  8
1517  0
1518  0
1519  3
1520  23
1521  15
1522  19
1523  12
1524  36
1525  33
1526  26
1527  14
1528  1
1529  17
1530  17
1531  12
1532  27
1533  10
1534  32
1535  5
1536  2
1537  19
1538  19
1539  20
1540  14
1541  2
1542  0
1543  31
1544  18
1545  9
1546  19
1547  28
1548  9
1549  11
1550  3
1551  1
1552  0
1553  0
1554  0
1555  0
1556  0
1557  0
1558  0
1559  0
1560  0
1561  8
1562  1
1563  2
1564  16
1565  0
1566  1
1567  1
1568  6
1569  0
1570  6
1571  5
1572  4
1573  10
1574  16
1575  9
1576  0
1577  26
1578  19
1579  4
1580  17
1581  2
1582  1
1583  11
1584  3
1585  0
1586  0
1587  0
1588  0
1589  0
1590  0
1591  0
1592  0
1593  0
1594  0
1595  2
1596  0
1597  9
1598  4
1599  11
1600  0
1601  0
1602  2
1603  10
1604  60
1605  23
1606  25
1607  1
1608  18
1609  20
1610  3
1611  5
1612  12
1613  24
1614  1
1615  4
1616  0
1617  2
1618  10
1619  9
1620  15
1621  42
1622  32
1623  19
1624  29
1625  8
1626  33
1627  2
1628  2
1629  0
1630  5
1631  20
1632  3
1633  0
1634  2
1635  0
1636  0
1637  0
1638  0
1639  0
1640  0
1641  2
1642  0
1643  0
1644  0
1645  0
1646  0
1647  0
1648  0
1649  0
1650  0
1651  0
1652  0
1653  0
1654  1
1655  8
1656  9
1657  27
1658  7
1659  8
1660  18
1661  9
1662  0
1663  17
1664  0
1665  6
1666  2
1667  4
1668  0
1669  3
1670  2
1671  0
1672  0
1673  0
1674  1
1675  0
1676  6
1677  0
1678  0
1679  7
1680  1
1681  8
1682  6
1683  2
1684  2
1685  0
1686  0
1687  0
1688  2
1689  0
1690  0
1691  1
1692  4
1693  0
1694  0
1695  0
1696  0
1697  0
1698  0
1699  0
1700  0
1701  3
1702  0
1703  1
1704  0
1705  0
1706  0
1707  1
1708  2
1709  0
1710  0
1711  0
1712  5
1713  0
1714  0
1715  0
1716  2
1717  25
1718  0
1719  4
1720  40
1721  10
1722  0
1723  15
1724  18
1725  16
1726  12
1727  23
1728  35
1729  8
1730  28
1731  0
1732  23
1733  25
1734  25
1735  10
1736  2
1737  8
1738  14
1739  21
1740  24
1741  20
1742  21
1743  14
1744  2
1745  2
1746  0
1747  0
1748  0
1749  0
1750  0
1751  0
1752  0
1753  0
1754  4
1755  2
1756  7
1757  2
1758  0
1759  0
1760  8
1761  4
1762  2
1763  0
1764  0
1765  0
1766  0
1767  0
1768  3
1769  0
1770  0
1771  0
1772  1
1773  0
1774  4
1775  0
1776  6
1777  0
1778  0
1779  0
1780  0
1781  0
1782  1
1783  1
1784  0
1785  0
1786  0
1787  0
1788  18
1789  0
1790  1
1791  1
1792  26
1793  1
1794  1
1795  12
1796  5
1797  5
1798  5
1799  14
1800  11
1801  20
1802  1
1803  2
1804  1
1805  2
1806  4
1807  1
1808  1
1809  0
1810  0
1811  0
1812  1
1813  6
1814  0
1815  35
1816  0
1817  16
1818  21
1819  74
1820  36
1821  2
1822  21
1823  211
1824  60
1825  14
1826  158
1827  107
1828  3
1829  171
1830  182
1831  73
1832  21
1833  90
1834  94
1835  27
1836  98
1837  97
1838  95
1839  151
1840  3
1841  120
1842  108
1843  120
1844  36
1845  98
1846  47
1847  70
1848  14
1849  75
1850  106
1851  71
1852  28
1853  85
1854  77
1855  79
1856  69
1857  55
1858  61
1859  69
1860  22
1861  7
1862  16
1863  0
1864  22
1865  57
1866  3
1867  8
1868  12
1869  7
1870  6
1871  9
1872  49
1873  14
1874  106
1875  85
1876  53
1877  27
1878  51
1879  46
1880  12
1881  33
1882  65
1883  106
1884  1
1885  50
1886  60
1887  38
1888  17
1889  1
1890  46
1891  8
1892  25
1893  18
1894  4
1895  27
1896  1
1897  0
1898  0
1899  0
1900  0
1901  6
1902  8
1903  2
1904  17
1905  36
1906  10
1907  7
1908  0
1909  1
1910  0
1911  0
1912  0
1913  2
1914  0
1915  23
1916  31
1917  24
1918  78
1919  4
1920  82
1921  4
1922  1
1923  128
1924  101
1925  58
1926  16
1927  67
1928  110
1929  89
1930  103
1931  54
1932  23
1933  98
1934  73
1935  116
1936  51
1937  15
1938  82
1939  22
1940  30
1941  90
1942  19
1943  39
1944  5
1945  15
1946  32
1947  19
1948  22
1949  37
1950  19
1951  18
1952  25
1953  21
1954  12
1955  1
1956  20
1957  18
1958  3
1959  24
1960  10
1961  1
1962  0
1963  9
1964  3
1965  2
1966  4
1967  1
1968  17
1969  2
1970  54
1971  34
1972  63
1973  50
1974  112
1975  129
1976  83
1977  120
1978  77
1979  72
1980  86
1981  51
1982  61
1983  5
1984  80
1985  32
1986  104
1987  96
1988  46
1989  55
1990  30
1991  44
1992  30
1993  34
1994  1
1995  0
1996  20
1997  5
1998  0
1999  0
