-------New SIM
33  84
35  167
38  81
42  65
43  21
44  34
45  54
46  29
47  54
48  47
49  20
50  15
51  42
52  49
53  52
54  71
55  23
56  37
57  86
58  53
59  36
60  32
61  46
62  4
63  37
64  24
65  25
66  19
67  4
68  3
69  23
70  22
71  18
72  39
73  14
74  5
75  8
76  43
77  152
78  136
79  144
80  0
81  1
82  59
83  86
84  108
85  91
86  149
87  94
88  91
89  59
90  102
91  3
92  55
93  68
94  28
95  45
96  2
97  15
98  11
99  9
100  5
101  1
102  13
103  20
104  8
105  0
106  39
107  41
108  35
109  1
110  55
111  12
112  17
113  12
114  19
115  26
116  19
117  0
118  0
119  0
120  0
121  0
122  1
123  2
124  0
125  3
126  3
127  29
128  5
129  10
130  114
131  20
132  112
133  72
134  93
135  5
136  3
137  15
138  0
139  88
140  3
141  69
142  88
143  82
144  49
145  89
146  69
147  61
148  1
149  47
150  44
151  42
152  15
153  31
154  18
155  3
156  10
157  20
158  8
159  11
160  1
161  1
162  0
163  6
164  0
165  12
166  0
167  0
168  0
169  1
170  1
171  1
172  0
173  0
174  0
175  0
176  2
177  0
178  0
179  3
180  12
181  4
182  8
183  7
184  3
185  0
186  13
187  65
188  26
189  91
190  51
191  33
192  61
193  35
194  98
195  137
196  64
197  76
198  81
199  13
200  63
201  53
202  37
203  46
204  41
205  29
206  3
207  2
208  4
209  20
210  7
211  85
212  22
213  36
214  63
215  33
216  27
217  56
218  4
219  77
220  63
221  21
222  39
223  77
224  46
225  45
226  25
227  46
228  38
229  34
230  20
231  6
232  13
233  3
234  11
235  5
236  8
237  2
238  0
239  60
240  0
241  0
242  67
243  72
244  110
245  49
246  135
247  70
248  23
249  161
250  122
251  144
252  23
253  66
254  43
255  120
256  102
257  4
258  116
259  87
260  10
261  69
262  34
263  4
264  46
265  49
266  38
267  23
268  31
269  2
270  0
271  2
272  0
273  0
274  0
275  0
276  4
277  37
278  25
279  12
280  0
281  0
282  27
283  28
284  12
285  2
286  4
287  0
288  0
289  0
290  0
291  6
292  10
293  4
294  1
295  16
296  15
297  3
298  81
299  45
300  18
301  0
302  9
303  8
304  80
305  69
306  16
307  55
308  43
309  10
310  51
311  22
312  36
313  11
314  16
315  32
316  0
317  0
318  0
319  0
320  0
321  0
322  0
323  12
324  17
325  4
326  2
327  6
328  3
329  7
330  3
331  11
332  0
333  0
334  10
335  0
336  0
337  0
338  3
339  2
340  0
341  0
342  0
343  0
344  0
345  14
346  25
347  27
348  23
349  16
350  14
351  25
352  25
353  3
354  33
355  14
356  43
357  15
358  4
359  3
360  28
361  65
362  43
363  19
364  6
365  31
366  66
367  10
368  15
369  26
370  26
371  16
372  45
373  28
374  19
375  11
376  1
377  0
378  0
379  0
380  0
381  0
382  7
383  1
384  0
385  1
386  0
387  5
388  0
389  9
390  10
391  6
392  11
393  13
394  5
395  2
396  0
397  4
398  1
399  1
400  20
401  15
402  9
403  6
404  19
405  22
406  5
407  38
408  2
409  0
410  0
411  21
412  0
413  0
414  2
415  9
416  10
417  5
418  4
419  3
420  0
421  0
422  0
423  66
424  22
425  26
426  25
427  28
428  36
429  28
430  26
431  28
432  20
433  6
434  7
435  2
436  0
437  0
438  1
439  0
440  0
441  0
442  0
443  4
444  9
445  9
446  23
447  13
448  16
449  21
450  5
451  16
452  8
453  4
454  0
455  8
456  4
457  1
458  5
459  3
460  27
461  8
462  9
463  19
464  24
465  38
466  5
467  13
468  9
469  5
470  0
471  11
472  2
473  0
474  0
475  0
476  1
477  3
478  0
479  0
480  0
481  0
482  0
483  0
484  0
485  0
486  0
487  0
488  1
489  0
490  0
491  0
492  0
493  0
494  0
495  0
496  2
497  14
498  0
499  13
500  4
501  9
502  14
503  3
504  2
505  0
506  2
507  3
508  7
509  36
510  66
511  30
512  0
513  26
514  35
515  106
516  61
517  4
518  11
519  160
520  63
521  131
522  19
523  74
524  69
525  127
526  42
527  35
528  41
529  90
530  97
531  55
532  38
533  40
534  65
535  35
536  36
537  54
538  42
539  12
540  5
541  24
542  42
543  30
544  7
545  25
546  8
547  4
548  0
549  0
550  0
551  0
552  0
553  14
554  0
555  9
556  71
557  21
558  3
559  79
560  63
561  7
562  69
563  39
564  57
565  35
566  59
567  16
568  21
569  22
570  49
571  22
572  58
573  16
574  19
575  22
576  14
577  13
578  15
579  41
580  7
581  2
582  7
583  2
584  0
585  16
586  40
587  36
588  0
589  15
590  14
591  42
592  37
593  20
594  3
595  3
596  0
597  0
598  0
599  0
600  0
601  1
602  0
603  0
604  11
605  0
606  46
607  126
608  34
609  53
610  80
611  19
612  26
613  54
614  181
615  180
616  8
617  43
618  26
619  62
620  29
621  64
622  1
623  67
624  62
625  5
626  5
627  131
628  45
629  36
630  58
631  64
632  73
633  37
634  70
635  86
636  63
637  10
638  28
639  12
640  47
641  45
642  18
643  28
644  14
645  8
646  20
647  14
648  14
649  3
650  48
651  10
652  13
653  2
654  8
655  3
656  1
657  6
658  2
659  7
660  0
661  0
662  0
663  0
664  0
665  0
666  9
667  0
668  0
669  1
670  1
671  0
672  1
673  5
674  0
675  0
676  0
677  15
678  10
679  0
680  2
681  11
682  8
683  0
684  7
685  7
686  8
687  17
688  25
689  10
690  14
691  23
692  4
693  8
694  1
695  9
696  13
697  3
698  7
699  4
700  10
701  0
702  25
703  12
704  4
705  4
706  40
707  21
708  40
709  63
710  26
711  42
712  57
713  18
714  1
715  2
716  36
717  11
718  13
719  13
720  6
721  0
722  0
723  1
724  2
725  1
726  3
727  1
728  0
729  0
730  6
731  3
732  0
733  3
734  4
735  2
736  2
737  7
738  3
739  11
740  19
741  0
742  5
743  6
744  5
745  1
746  1
747  1
748  0
749  69
750  91
751  30
752  49
753  50
754  30
755  3
756  39
757  69
758  48
759  39
760  87
761  67
762  51
763  26
764  54
765  126
766  39
767  0
768  37
769  31
770  71
771  55
772  15
773  16
774  18
775  9
776  67
777  27
778  15
779  21
780  20
781  34
782  23
783  27
784  17
785  21
786  8
787  9
788  13
789  4
790  14
791  12
792  2
793  18
794  8
795  17
796  2
797  48
798  3
799  5
800  34
801  27
802  32
803  6
804  17
805  27
806  19
807  24
808  40
809  42
810  33
811  11
812  19
813  23
814  105
815  0
816  3
817  22
818  90
819  15
820  39
821  18
822  15
823  87
824  45
825  122
826  98
827  105
828  60
829  62
830  6
831  74
832  59
833  37
834  71
835  29
836  57
837  51
838  43
839  36
840  31
841  5
842  29
843  14
844  13
845  21
846  62
847  2
848  0
849  40
850  0
851  33
852  5
853  19
854  12
855  47
856  30
857  22
858  5
859  17
860  4
861  0
862  0
863  0
864  0
865  0
866  0
867  0
868  0
869  0
870  46
871  3
872  2
873  9
874  110
875  46
876  16
877  24
878  46
879  64
880  70
881  74
882  172
883  62
884  61
885  62
886  53
887  37
888  57
889  37
890  131
891  94
892  6
893  29
894  63
895  7
896  115
897  8
898  3
899  63
900  84
901  85
902  57
903  47
904  177
905  126
906  78
907  76
908  139
909  107
910  138
911  102
912  31
913  75
914  25
915  21
916  94
917  69
918  165
919  45
920  79
921  53
922  53
923  45
924  65
925  33
926  18
927  56
928  12
929  21
930  13
931  27
932  26
933  24
934  31
935  16
936  21
937  22
938  39
939  18
940  1
941  2
942  11
943  1
944  2
945  0
946  0
947  0
948  1
949  0
950  0
951  0
952  0
953  1
954  0
955  7
956  15
957  4
958  22
959  4
960  4
961  11
962  3
963  5
964  3
965  8
966  0
967  0
968  2
969  0
970  0
971  0
972  0
973  2
974  0
975  1
976  1
977  3
978  3
979  0
980  0
981  0
982  13
983  0
984  1
985  13
986  1
987  0
988  2
989  2
990  14
991  1
992  90
993  25
994  30
995  0
996  6
997  1
998  60
999  50
1000  105
1001  89
1002  30
1003  104
1004  58
1005  128
1006  97
1007  75
1008  161
1009  33
1010  19
1011  58
1012  87
1013  38
1014  71
1015  64
1016  17
1017  48
1018  3
1019  37
1020  26
1021  36
1022  33
1023  12
1024  67
1025  6
1026  31
1027  40
1028  83
1029  70
1030  36
1031  64
1032  67
1033  67
1034  31
1035  16
1036  18
1037  42
1038  10
1039  30
1040  9
1041  12
1042  9
1043  54
1044  13
1045  40
1046  19
1047  133
1048  48
1049  36
1050  34
1051  48
1052  32
1053  217
1054  146
1055  58
1056  107
1057  138
1058  154
1059  11
1060  37
1061  51
1062  126
1063  193
1064  113
1065  54
1066  18
1067  17
1068  35
1069  25
1070  186
1071  97
1072  155
1073  23
1074  42
1075  77
1076  130
1077  113
1078  90
1079  3
1080  88
1081  118
1082  7
1083  53
1084  20
1085  40
1086  55
1087  53
1088  16
1089  38
1090  41
1091  17
1092  3
1093  0
1094  0
1095  9
1096  4
1097  17
1098  3
1099  18
1100  3
1101  8
1102  1
1103  13
1104  17
1105  4
1106  3
1107  0
1108  0
1109  0
1110  0
1111  0
1112  2
1113  0
1114  7
1115  0
1116  4
1117  7
1118  0
1119  0
1120  58
1121  0
1122  0
1123  12
1124  15
1125  18
1126  26
1127  20
1128  26
1129  31
1130  22
1131  2
1132  27
1133  10
1134  0
1135  17
1136  1
1137  8
1138  11
1139  4
1140  8
1141  13
1142  11
1143  0
1144  0
1145  14
1146  1
1147  13
1148  1
1149  2
1150  7
1151  2
1152  0
1153  23
1154  0
1155  0
1156  0
1157  23
1158  28
1159  54
1160  11
1161  23
1162  7
1163  58
1164  12
1165  21
1166  28
1167  21
1168  25
1169  30
1170  0
1171  4
1172  0
1173  73
1174  138
1175  66
1176  0
1177  23
1178  111
1179  108
1180  6
1181  167
1182  109
1183  85
1184  18
1185  52
1186  45
1187  51
1188  52
1189  53
1190  84
1191  35
1192  65
1193  23
1194  38
1195  29
1196  14
1197  5
1198  11
1199  31
1200  33
1201  39
1202  4
1203  6
1204  8
1205  4
1206  5
1207  4
1208  15
1209  0
1210  0
1211  3
1212  0
1213  0
1214  4
1215  18
1216  3
1217  0
1218  0
1219  0
1220  0
1221  6
1222  0
1223  0
1224  0
1225  0
1226  0
1227  0
1228  36
1229  46
1230  57
1231  51
1232  31
1233  90
1234  50
1235  50
1236  48
1237  58
1238  21
1239  19
1240  5
1241  0
1242  5
1243  9
1244  4
1245  17
1246  26
1247  2
1248  17
1249  18
1250  15
1251  25
1252  3
1253  6
1254  3
1255  14
1256  7
1257  19
1258  9
1259  11
1260  0
1261  5
1262  1
1263  11
1264  31
1265  3
1266  30
1267  22
1268  4
1269  5
1270  18
1271  1
1272  8
1273  9
1274  0
1275  2
1276  0
1277  0
1278  0
1279  0
1280  2
1281  1
1282  6
1283  0
1284  1
1285  95
1286  22
1287  4
1288  9
1289  116
1290  100
1291  228
1292  63
1293  91
1294  163
1295  121
1296  48
1297  58
1298  77
1299  76
1300  107
1301  117
1302  90
1303  5
1304  152
1305  18
1306  98
1307  40
1308  84
1309  38
1310  109
1311  1
1312  74
1313  113
1314  83
1315  52
1316  72
1317  38
1318  36
1319  21
1320  24
1321  43
1322  17
1323  11
1324  1
1325  0
1326  0
1327  0
1328  0
1329  0
1330  0
1331  0
1332  0
1333  2
1334  0
1335  0
1336  0
1337  4
1338  5
1339  14
1340  6
1341  0
1342  22
1343  243
1344  76
1345  39
1346  33
1347  18
1348  49
1349  47
1350  2
1351  38
1352  98
1353  185
1354  113
1355  22
1356  8
1357  46
1358  51
1359  80
1360  22
1361  84
1362  245
1363  53
1364  79
1365  85
1366  72
1367  90
1368  276
1369  95
1370  262
1371  47
1372  41
1373  160
1374  83
1375  203
1376  8
1377  156
1378  25
1379  131
1380  44
1381  5
1382  90
1383  141
1384  101
1385  102
1386  59
1387  81
1388  61
1389  91
1390  100
1391  51
1392  107
1393  69
1394  63
1395  49
1396  13
1397  0
1398  32
1399  2
1400  0
1401  12
1402  0
1403  1
1404  25
1405  0
1406  15
1407  10
1408  2
1409  8
1410  2
1411  6
1412  3
1413  0
1414  22
1415  15
1416  17
1417  11
1418  33
1419  5
1420  8
1421  0
1422  13
1423  0
1424  15
1425  5
1426  10
1427  0
1428  11
1429  5
1430  3
1431  2
1432  33
1433  4
1434  108
1435  34
1436  103
1437  55
1438  162
1439  32
1440  66
1441  117
1442  122
1443  160
1444  70
1445  70
1446  133
1447  99
1448  96
1449  58
1450  45
1451  1
1452  89
1453  15
1454  14
1455  71
1456  90
1457  29
1458  38
1459  71
1460  32
1461  20
1462  19
1463  15
1464  28
1465  10
1466  9
1467  11
1468  0
1469  24
1470  41
1471  0
1472  4
1473  82
1474  117
1475  53
1476  37
1477  0
1478  119
1479  85
1480  60
1481  47
1482  44
1483  25
1484  13
1485  89
1486  33
1487  24
1488  22
1489  109
1490  77
1491  14
1492  44
1493  12
1494  8
1495  0
1496  39
1497  13
1498  9
1499  17
1500  8
1501  0
1502  37
1503  43
1504  17
1505  2
1506  30
1507  34
1508  27
1509  8
1510  29
1511  8
1512  37
1513  11
1514  26
1515  23
1516  14
1517  35
1518  10
1519  23
1520  30
1521  3
1522  24
1523  18
1524  22
1525  5
1526  9
1527  15
1528  15
1529  2
1530  6
1531  0
1532  0
1533  0
1534  6
1535  1
1536  0
1537  0
1538  0
1539  0
1540  0
1541  40
1542  35
1543  29
1544  73
1545  51
1546  66
1547  79
1548  69
1549  32
1550  79
1551  59
1552  36
1553  25
1554  20
1555  17
1556  3
1557  25
1558  10
1559  0
1560  4
1561  0
1562  3
1563  0
1564  0
1565  0
1566  0
1567  0
1568  21
1569  6
1570  0
1571  12
1572  5
1573  14
1574  38
1575  33
1576  12
1577  10
1578  12
1579  2
1580  0
1581  1
1582  4
1583  1
1584  0
1585  0
1586  0
1587  0
1588  0
1589  10
1590  25
1591  15
1592  12
1593  11
1594  34
1595  4
1596  28
1597  30
1598  27
1599  8
1600  0
1601  15
1602  18
1603  22
1604  12
1605  5
1606  2
1607  0
1608  0
1609  0
1610  0
1611  84
1612  1
1613  55
1614  92
1615  81
1616  12
1617  65
1618  69
1619  53
1620  76
1621  92
1622  45
1623  46
1624  36
1625  20
1626  3
1627  2
1628  1
1629  1
1630  0
1631  0
1632  0
1633  2
1634  8
1635  18
1636  60
1637  12
1638  13
1639  40
1640  57
1641  68
1642  19
1643  31
1644  15
1645  71
1646  34
1647  17
1648  23
1649  11
1650  34
1651  25
1652  1
1653  0
1654  1
1655  0
1656  0
1657  0
1658  6
1659  39
1660  0
1661  127
1662  23
1663  33
1664  67
1665  35
1666  91
1667  71
1668  97
1669  91
1670  71
1671  32
1672  22
1673  23
1674  14
1675  20
1676  53
1677  32
1678  9
1679  4
1680  26
1681  78
1682  17
1683  3
1684  145
1685  80
1686  73
1687  85
1688  63
1689  132
1690  56
1691  98
1692  19
1693  71
1694  62
1695  116
1696  17
1697  2
1698  41
1699  45
1700  32
1701  8
1702  18
1703  14
1704  15
1705  12
1706  1
1707  0
1708  12
1709  12
1710  2
1711  4
1712  47
1713  5
1714  15
1715  7
1716  18
1717  1
1718  21
1719  16
1720  3
1721  9
1722  0
1723  0
1724  4
1725  0
1726  2
1727  4
1728  11
1729  2
1730  8
1731  2
1732  8
1733  0
1734  5
1735  2
1736  0
1737  0
1738  5
1739  0
1740  8
1741  0
1742  7
1743  1
1744  0
1745  13
1746  0
1747  4
1748  0
1749  0
1750  3
1751  7
1752  4
1753  6
1754  12
1755  7
1756  16
1757  4
1758  13
1759  5
1760  12
1761  0
1762  0
1763  0
1764  1
1765  4
1766  0
1767  0
1768  0
1769  12
1770  12
1771  188
1772  27
1773  161
1774  87
1775  63
1776  106
1777  168
1778  83
1779  64
1780  65
1781  162
1782  275
1783  224
1784  164
1785  21
1786  22
1787  100
1788  18
1789  30
1790  201
1791  31
1792  213
1793  64
1794  45
1795  135
1796  258
1797  65
1798  152
1799  345
1800  146
1801  117
1802  257
1803  94
1804  96
1805  67
1806  84
1807  253
1808  90
1809  234
1810  119
1811  121
1812  242
1813  183
1814  170
1815  39
1816  173
1817  214
1818  199
1819  72
1820  161
1821  39
1822  119
1823  160
1824  173
1825  132
1826  82
1827  80
1828  103
1829  22
1830  72
1831  48
1832  82
1833  88
1834  72
1835  17
1836  73
1837  38
1838  21
1839  11
1840  18
1841  25
1842  0
1843  23
1844  23
1845  46
1846  30
1847  2
1848  25
1849  1
1850  6
1851  2
1852  7
1853  3
1854  5
1855  0
1856  0
1857  6
1858  1
1859  5
1860  81
1861  0
1862  0
1863  0
1864  25
1865  19
1866  32
1867  18
1868  13
1869  17
1870  16
1871  25
1872  1
1873  8
1874  4
1875  16
1876  4
1877  13
1878  12
1879  6
1880  4
1881  12
1882  11
1883  5
1884  7
1885  0
1886  6
1887  16
1888  0
1889  11
1890  31
1891  2
1892  9
1893  0
1894  3
1895  3
1896  0
1897  0
1898  14
1899  6
1900  0
1901  5
1902  2
1903  18
1904  2
1905  29
1906  17
1907  6
1908  5
1909  17
1910  29
1911  19
1912  9
1913  5
1914  1
1915  0
1916  2
1917  0
1918  0
1919  0
1920  4
1921  0
1922  0
1923  0
1924  0
1925  2
1926  8
1927  0
1928  2
1929  1
1930  0
1931  0
1932  1
1933  3
1934  14
1935  0
1936  13
1937  1
1938  5
1939  5
1940  1
1941  11
1942  7
1943  9
1944  3
1945  7
1946  9
1947  38
1948  13
1949  0
1950  16
1951  5
1952  19
1953  0
1954  0
1955  3
1956  0
1957  0
1958  0
1959  0
1960  0
1961  0
1962  0
1963  0
1964  0
1965  53
1966  52
1967  0
1968  30
1969  43
1970  37
1971  69
1972  42
1973  18
1974  65
1975  10
1976  38
1977  32
1978  40
1979  24
1980  21
1981  23
1982  19
1983  42
1984  26
1985  6
1986  16
1987  13
1988  38
1989  42
1990  1
1991  27
1992  16
1993  1
1994  45
1995  21
1997  34
1998  52
2001  27
2003  40
